-3929
-4487
-3152
-473
-3009
491
-1937
-3957
-44
-4394
-1308
-3506
-783
-184
64
-1388
-2463
-2686
-1840
-25
-36
-3931
-2560
-2478
-2958
-2323
-4897
-658
-969
-2880
-2291
-1272
-733
-2457
-420
128
-3786
-1463
-1074
-4833
-1195
-2690
-2309
-818
-4824
-158
-3020
-2348
-196
-2267
143
-2839
-2865
-2943
-2942
-4559
-2562
-1556
-2883
-4713
260
-155
-976
494
310
-183
-2835
-4685
-2324
-2941
-4230
-3859
343
-4162
-917
-2532
-3314
3
-4722
-3377
-1526
-2892
-3554
-1000
137
-4069
-3502
-2611
-3343
-3667
-1178
-3541
-825
-2228
-4327
-3548
-2759
-1104
-2765
-3009
-4209
-2142
-224
-4923
-488
-3997
-2332
-3439
-3887
-508
-1464
-3080
299
-3465
-883
-4056
-1513
-235
-2972
-4386
377
275
-3275
-2748
-2851
-2554
-1308
-1292
-4036
-3257
-3452
-2009
-3152
307
-729
-3925
-3132
-207
-2427
-3243
-1374
-2068
-3218
-1395
-790
-459
-293
179
-3280
-3301
-3137
125
422
-4496
-2361
-2181
-3259
-1869
-2667
-769
-3804
324
-3987
-4092
-1505
-3982
-4225
-2094
-3744
-3397
-4662
-3067
20
-3726
-170
-3750
-429
-560
-4567
-834
-113
-1303
-3349
-4089
-3764
-1226
-1012
-1446
-3079
-2942
-1097
-1487
-3453
-4254
294
-3326
-4681
-1303
-4243
-4707
-3370
-411
-3028
-1427
-1529
-3771
251
-2550
-1772
-1597
-4857
-704
-4511
-2248
-914
-3618
247
-3736
-578
-1294
-824
-3359
-2959
-3688
-2194
310
-4664
-4962
-1914
-4537
-79
-1150
-1424
-6
-3869
-622
-8
-4707
-1176
-4079
-2834
-1546
-4664
-4532
-3502
-764
-3738
-3892
-1415
-1518
-4149
-2287
335
-3517
-3699
-787
-733
-3067
-2943
-2134
101
-3631
-1116
-694
-1346
-3391
103
-1825
-3344
-622
-2683
-226
281
-3830
113
-3242
-2975
475
-3513
-3269
-3225
-943
-3973
-3941
-2364
-734
-839
-442
-125
-4294
-89
-2019
-2842
223
-2099
-3064
-4675
-740
-2727
-421
-707
-4813
-1369
-85
-3784
-3844
-2213
-2580
-950
-1440
-3919
-39
-2051
-4793
487
-364
-21
-4576
-3803
-2665
-3656
-4359
-637
-657
79
-3998
-55
-565
-959
-947
-1619
-4923
-3416
-1992
-132
-1572
-1498
-1049
-10
-2168
-4709
-895
-4848
-3013
-2067
411
421
-2288
-2379
-4805
141
-2924
4
-3752
-2930
-90
-1435
-2674
-1731
348
-1357
-4626
-4615
-3037
-3575
-4977
-2713
-1474
-4984
-1958
-4563
-985
-3850
-4887
-2571
-1656
-4391
-1395
-2846
-3902
301
-2326
-1385
-3416
-1340
-4489
-2800
-4816
-3063
-1480
-2078
-4015
366
464
-1247
-4298
-1133
-3733
-2729
-4465
-4440
-1535
-2616
336
-4139
-1016
-906
-3117
-1722
-4348
7
-30
-1187
-3424
-272
-253
-2827
-4692
-1599
-1782
-1751
-3502
-3930
-3691
-3276
-1049
-802
-15
-941
-1927
-3542
-3529
-215
-2948
-1968
-146
-4025
-245
-4354
-4411
-1345
-70
-4817
-1616
162
-2795
-2732
-1085
-3111
-1712
-1035
288
3
-543
-1186
-3027
-3829
-62
-3843
-4828
169
-1426
415
-1816
-1249
-4533
-1778
-1325
-21
-1587
494
-3716
-378
-4832
-4847
65
-961
-3294
-3894
-3917
-4249
-1564
-4417
-4015
-2935
135
-642
-4791
-41
-1763
-1858
-1420
-3480
-807
-1827
-4211
-3566
-4141
-4951
-1506
-4473
-3685
415
-1279
-1135
-3623
-1926
-843
-3284
-3265
-3344
-657
-2300
-4348
-133
-3109
-1394
-950
-1435
-4122
-1333
-4232
-4712
-2526
-1687
-3979
-3327
-3841
-1355
-1534
-2985
-2885
-1501
-596
-3447
-1572
253
-3311
-3446
-244
-3112
-2721
-4432
342
-3206
-2206
-4476
-1878
-2365
-4663
-32
-1052
-4614
-849
-1669
-3785
-965
-1013
-4824
-417
-64
-767
-3061
-726
-3579
-992
-2218
-4670
-2911
-1798
-4366
-2742
-4805
-4110
-1060
-2071
-4482
-1418
-1688
-2092
-3889
-4410
-3657
-697
-3417
-4398
-1643
-3201
-1522
-2185
-2846
-1277
-4935
-4167
-597
-3752
-3328
-562
-2614
-657
-3263
-2846
-4328
-3895
-4047
-1312
-4349
-4404
-656
-3447
-629
-1749
-1052
-4589
-2657
-2078
-2437
-957
352
-4407
-3776
-2986
-579
-3583
-1566
-884
-2388
-3555
264
-1986
-875
-4719
337
-1959
-2528
-2476
-2373
-1778
-139
-4423
-4262
-1077
-4717
-1495
-152
-2065
-2799
-329
-3535
-3414
-4565
-1730
-3834
-2544
-4332
-269
-892
-3697
-2588
-1011
-4580
-2896
-3830
-1122
-2189
-1724
-3222
-4702
-4739
-4216
-525
-2947
-2257
-2290
-198
-1560
-3508
-980
-2660
-4058
-876
-4627
-4863
-1414
-4267
-3259
-3326
-1399
-4361
-569
-2057
-405
-1133
-4817
-673
-2350
-3384
74
-4438
-3876
-3229
-3304
-1463
-2495
-4071
480
-2507
-2777
-1524
-2267
-2306
-3291
-3014
-3553
2
193
-2141
-1082
-2974
-4749
-882
-2642
-3041
-3247
-4134
-4686
399
-1148
-3932
-2314
-4575
-2392
-3903
-560
-1359
-2188
-4184
-4427
-4072
-4978
-2209
-234
-736
-2684
-1419
-3777
-1557
-2590
-4865
-1900
-2103
-3597
-1591
-4600
-2573
-405
-1527
-1789
-3693
-4122
-353
-2250
-2407
-4824
-1703
-2806
-730
-33
-2668
-1923
-783
-1883
-4204
-1390
-2768
-2636
-3460
26
430
-1644
-4256
-3033
-3862
-2250
-2540
-960
-934
-4067
-4609
-2823
-2484
-3762
-2782
-389
-389
-2819
-2419
-840
470
-3876
-2503
-1957
144
495
-787
-3329
-1439
-2748
-539
-123
-3616
-1217
-3269
-2228
-2522
-1294
-348
-1112
-3483
-433
-690
-1567
-942
-4499
113
-3475
-3280
-2094
-4232
437
-3693
-4286
-583
-3113
-4661
-1165
-956
55
-3066
-2298
-4647
-714
-947
-2191
-3351
-655
-4821
-3627
263
-2694
-4464
-229
-3240
-2325
-857
-943
-3395
-2564
-2564
-226
-3631
-4643
-4528
-2410
-1895
-2930
-1911
-4533
-2547
-4604
-1929
-3436
59
-4332
-4647
-4771
-2343
-3380
-1357
-2409
-4369
-2040
-1737
-4415
-2907
-598
-4455
448
-4765
-2863
-3120
-2607
-968
-3966
-1413
-4076
-3659
-901
435
-375
-911
-4557
-4026
-4377
32
-4254
1
-3711
356
-3076
-3371
-4993
-938
-3846
-1060
-1187
-972
-3946
-1905
-1637
-1757
-1476
-3793
-3286
-3262
-399
-2528
-3826
-1159
-3130
-3327
-1944
160
31
-4047
-2932
-1057
-239
-1461
-4945
-595
-3560
-4360
-3689
-2847
-4303
-848
-1996
-602
-838
-3984
-2725
-1540
-357
433
-4652
-1381
-238
-2088
-3786
-2247
-3403
-3109
-1103
-2739
-1898
101
-407
-1537
254
-2074
-2584
235
-817
-843
-1678
-943
-30
-2907
-4656
-1265
-3178
-3487
-1425
-2139
-749
-1728
-3110
-3291
-2991
-1236
-3596
-1897
-2925
-1890
-457
-4138
221
-629
-1128
-3100
-4192
-3774
352
-4499
-1485
-209
-3002
-2343
-4757
-1908
-2911
-2512
-4024
-3684
-4623
-4343
-123
-152
-4277
-214
-1801
-3083
-2751
-3691
-4212
-4684
-2926
-3674
-3497
-4729
-2839
-1907
-1750
-1823
239
-3664
-3249
-1590
-2363
-4236
-2451
-4742
-1640
-382
-1531
350
-44
-2854
-388
-1715
-1786
-1287
-1987
-79
-2638
-1650
-627
-3931
-413
-4746
-1170
-4714
-402
-4930
-1344
155
-2140
-1743
-2192
-3600
-129
-568
-1182
90
-1540
-2153
-2
-380
212
-4717
-2285
-3684
-4554
-883
-964
-1556
-4032
-3393
-1844
64
-396
-397
-252
-444
422
-1857
-4187
-2212
-540
-4345
-1044
-4882
-105
228
-2579
-4336
-4409
-2678
162
-2176
-94
-1058
-4641
-3452
-4291
-2347
263
-4103
-2897
-1505
-3085
160
-4002
-1106
77
-417
-3131
-3874
-2878
-2011
-820
-4987
-4903
-2554
-1689
-1673
-4178
-3480
-6
-2988
-2230
-3164
451
-4941
-3043
216
-1139
-3589
-4761
-1231
-4746
-331
-849
-134
-1343
-4082
-1292
-3982
-230
341
-4827
-1927
-1843
-4613
-4395
-1628
-246
-1281
-275
-1577
-1903
-1821
-3790
-2911
-3177
-1329
-1200
-1354
-389
-967
304
-2065
-2673
-1457
-3489
-642
-611
-1167
-292
-266
3
-4084
-4351
-3821
-1572
-1783
-4641
-4551
-2672
-1297
-1362
-3845
-4199
-240
-3375
-4308
-488
-1172
-1553
-882
-4169
-2993
-1647
-4144
-3842
-3104
-2237
-212
298
-4584
-756
280
-3014
-4977
10
-3684
-1112
-1064
-3838
471
444
-4695
403
-3856
-4979
-2223
-4166
-4785
-2939
-30
-825
-2045
-856
-1129
-842
-2257
-4698
-3040
-4300
-3953
-1342
-1634
-4890
-1700
295
-503
-1839
-358
-3584
-4107
-3149
-1608
-3578
-3615
-4272
-4168
-2077
-4949
-3261
-3256
-512
-610
-3641
-2905
-3921
-3456
-2841
-1031
-3727
-2116
379
-1941
-2023
-719
-1991
-873
-1417
-1359
-4894
302
-4101
-1737
-3205
-4155
494
-2382
-3644
-3898
257
-2068
-3571
-231
-1618
-4371
-1883
434
-2900
-2446
-4082
-113
-364
-2372
-1416
-628
-1141
-3123
-1427
-2366
-4690
-4731
-1990
193
-3814
-210
-958
-2568
-3974
-1609
-4005
-4228
-2347
-1605
-857
-92
-2141
-1943
-3121
-3012
-2361
-3770
-1082
-3343
-1012
-2599
391
-2674
-2255
-3267
-2228
-941
-192
-3556
-4858
-1384
-1531
-3505
-3248
-199
-341
-4353
-1377
-1146
-2643
-1060
-3986
76
-1556
-533
-86
-142
-3253
-1675
-964
327
-1571
-1677
-3783
-1495
315
-4537
-4980
-4860
-1906
-3338
-4989
-2223
-101
-1012
-1590
-266
-3207
-1931
-4197
-4334
-156
-3527
-143
-3211
-4265
-1540
276
-2818
-159
-3862
-805
-4795
-4239
-2158
-2970
-347
-4751
-2744
-4548
-2361
-3724
371
421
478
-723
-3541
-2158
-112
-2371
-3504
-2451
-525
-271
-4061
-473
-1010
-1568
448
-861
-3367
-3258
-953
-4525
-816
-3937
392
-4224
-1746
-1790
-4631
-2115
-2539
-1172
-2800
78
19
-577
298
-3616
-2379
-2524
-2328
-4519
-386
-4044
-1678
-2431
71
-4627
-2035
-3588
-218
-2279
-520
-3066
39
-1866
49
-2870
-4135
-3857
-3600
-2700
-867
-3089
-1465
-3101
-1565
-2175
-466
-4440
409
-4946
337
-359
-2900
-4076
21
-1449
-3505
-793
-975
-3814
-975
-4493
-3614
-182
-542
-978
-1349
-4771
-1610
-4182
-1794
-3112
-694
-362
-4844
-1481
-2969
-4239
-4104
-703
-2485
-1778
-1029
-1517
-695
-488
275
-4491
-201
-4325
-3592
-1024
-2445
-896
-2510
-2131
125
119
498
-855
-2799
-499
-2104
-45
-3415
-2136
-3534
-4768
-3521
-521
-3833
-1712
-2180
-4282
-2544
-2399
-2336
-2788
-2973
-4287
-781
-1732
-1699
-4865
-4646
-3408
-2012
199
352
-1313
-2011
-3129
-736
-3723
-1055
-3544
-319
-149
-4818
-2771
-4087
-1010
-2836
-2741
-340
-4398
-883
-152
-2648
-2160
-46
-3388
-3443
-1546
-228
342
-926
-948
-3318
461
-4200
-4199
-1995
-3259
-2830
-58
-4340
-4133
-1665
-11
287
432
-958
-1467
-4287
-282
-1317
-2820
466
480
-978
288
-4525
-1834
441
-1881
-3491
-2247
490
-2512
-3511
-2792
-893
355
-2572
-589
-2619
-4076
-4109
-3962
-3751
-533
-2702
-137
-4024
-985
-4988
-1250
-3195
-1913
-77
-2883
-1531
-3658
-554
-1700
-4410
-884
-581
86
-3298
-764
111
-2516
-1533
-52
5
-435
-501
-3249
153
-666
-3778
-2628
-2821
-3882
-4070
-1573
-1043
-1855
-2007
-1273
301
-3126
-4735
-3246
343
-2601
-3362
-4532
-220
-1878
-234
-3200
-4577
-484
-4675
-3947
-2112
-4016
-2149
-716
-3362
-3184
119
-3183
-4526
-2956
-2986
-1447
-2737
246
-4320
-1963
-1864
-1123
-1051
43
-3629
-1759
296
-1233
-1722
-2769
-234
-3826
-430
-2356
-419
-688
-1121
-1077
85
109
-1972
-2634
-4899
-589
-1185
-2300
-3103
-1452
-4771
-1046
-505
-956
-4934
140
-1501
-3518
-1839
-1242
-3596
-4699
-4475
-2290
-1405
-3816
-1213
-4480
-2496
-3433
-1540
-2176
-1023
-148
-1772
-1092
-2703
232
-88
-1263
-3079
-239
-1547
-1017
-1225
-3567
-971
-4666
-3036
-4823
-3816
-4709
-2411
-4829
-117
-2703
-997
-3585
-396
-842
-2483
-1923
487
-2362
-2915
-896
-230
277
-1885
-3979
-4063
-2383
-3671
-4502
-3655
-753
-4482
341
355
-4807
-3890
-1470
-2192
-240
-4513
-1966
-3888
-635
-4674
-2429
-4649
-1221
-3188
-3001
-4354
321
-4819
-2742
-4326
-1306
-1754
-1412
-163
-2218
-823
-352
-4367
-3105
-1946
-2131
-1826
-1957
-1528
29
-4759
-4919
-3193
-1761
-746
-1201
-3399
-1628
-3075
-1827
-3921
-1776
-450
-304
-2852
-4798
-4512
-2191
415
-3178
-1733
-4435
-3979
-3028
-2781
-4601
-4810
-682
-3977
-677
-2032
-2399
-3307
-2894
-4624
232
-2309
-694
-2794
-205
-3248
-3074
-3843
-4647
-2400
-2434
-4886
-1254
86
-3252
-2629
-3918
-430
-1604
-4628
-1456
-3620
82
-4081
-15
-3471
160
295
-778
-4823
-926
-4004
-1544
-3115
-2957
-4258
-860
-4281
-2048
-4483
-4447
-2063
-2164
11
-4890
345
-142
-4341
-304
-4314
-1784
-1270
-612
-1854
-1073
458
-572
-4167
-1923
-1549
-4844
-471
-1125
117
-591
-3076
-2807
-1866
-1200
-7
-4514
-3085
-2846
-4343
-1972
-1733
-4376
-1274
-1863
-4117
489
-4405
205
-3125
257
-325
-4764
-1329
-1586
-1717
-4920
-1404
174
-4093
-209
-3463
-819
-1872
328
-4778
-1684
-4681
-217
368
-2758
-3560
-788
-64
-2335
-2732
-436
-3667
-2683
-1701
-1741
-70
-1989
-3938
-3734
-867
-3734
-3566
-1680
-1858
-1384
-3399
-3047
-3354
-148
-1943
30
-2712
-3013
-3328
-4168
-717
-3619
-324
-3517
-4776
-3050
-3584
369
-1283
-1541
-914
-4925
482
-3461
-1937
-2522
-2842
-4978
-2343
-235
1
-3143
-3971
-2710
-3481
-3482
-1140
-1033
-491
-2419
-408
-17
484
-2051
395
-522
-3795
-4686
-3371
-968
-1070
-1082
-3564
434
-1361
-2965
-4913
-137
-1871
-4989
-529
442
-1698
-4300
-4377
-3811
-74
-3717
-4445
-2757
-3365
-4787
-1197
-4973
-3898
-4505
-2875
-526
-3770
335
-1656
-4746
80
-1351
-3641
-621
-3156
-4131
-4107
-3260
-502
390
-3613
-66
-522
180
-2555
-3132
-3380
-739
-3522
-291
-3336
-1773
-1660
-4703
-3532
-4174
-4578
-459
-1985
-1561
-1621
-3135
-1172
-4297
-4074
-3721
-270
-1186
-3821
-2629
-4205
-2740
-2916
-3207
-4998
-1491
-2519
319
-417
-1983
-4843
-3449
-3318
-524
-2195
-185
-1774
-1751
-4197
71
-4055
-4742
-610
-815
-3120
-3211
-4346
-1669
-2775
-2795
-4838
401
-3665
-4387
-960
-4324
-3745
-2427
-703
-1792
-3954
-3100
-3514
12
-741
-4897
-4367
-4527
-4760
-4769
-1118
-2964
-2146
-524
-2889
-2271
-3532
-4675
-1845
-3947
-3015
-1634
-3016
-2739
-224
-2176
-42
-4061
-4103
-1603
-2427
-4561
-3851
-1682
-3025
-1646
303
-4506
-2356
-3591
-2502
-2528
-1108
-4326
-4722
-3810
-2072
-2753
100
-564
-3956
-2100
-4170
-234
-3185
-3385
-3537
265
-1437
-4504
-3082
-4591
-2052
-3764
404
336
-1317
-4889
-502
-2919
-4985
-4670
-2954
-4260
-430
-2227
-4843
-2144
-4279
-4969
-1513
125
-1037
-1740
-4872
-3525
-1021
114
-2646
-3587
-3701
-4401
-903
-1982
-3951
-271
-673
-4758
-4592
-242
-4880
-4749
-2411
-2387
-1150
-3347
-561
-903
-4426
-4739
235
-361
47
-3091
-3526
-4113
277
103
-3567
-2573
286
-4371
-751
-47
-2701
-4795
-2001
-3514
-4646
-4957
456
-4875
-4219
-1316
-1683
-688
-3141
-496
-3877
-1318
-2320
315
-301
-1562
-3580
245
-650
-2333
-4340
-3876
-336
-379
-4156
-2549
-325
-1838
-2048
-1200
-4713
-1183
-4988
-3432
-1760
-2400
-2478
-863
371
-637
-4778
-2099
-1034
-4026
-4187
-2655
-647
-1992
-2922
-322
-1749
-2136
-1604
36
-4425
-4129
-1529
337
-3277
-440
-835
-2194
-2237
-3025
-2467
-253
-2264
-988
-3636
-2707
-4760
-1531
-381
-2794
-3455
-4070
-787
-4994
-3355
-1791
-1805
-4305
-75
-712
-4287
-160
-1606
-2400
-2869
-2026
-2932
-298
-4237
-1885
-3516
-1246
-4460
-1834
-472
-2169
-1284
-2126
-3759
-871
378
-575
-2526
-3291
-3908
-4168
-2998
-3741
-2616
330
-4300
270
-4787
485
-3017
-2338
-4464
-3389
-718
-4265
-3705
-4107
-4679
-4827
-275
-3024
-2029
-2184
200
-3363
-1268
-1566
-3812
-433
-3957
-1472
-985
-1577
96
-4282
-1499
478
-1954
-264
304
-4932
-2031
-462
-285
-3770
-3829
-2743
-511
443
-4238
-1154
-4602
-2434
-1614
-1813
-4848
167
-26
-2413
-3360
-261
-4146
-532
-1045
-3247
-4976
-2452
-4290
-3054
-2952
-1565
-1444
-2926
-2495
-4853
-2142
-743
65
-543
-4768
-3864
-2711
-1924
-1029
-646
-1496
-2056
-3658
-1492
-1936
-1178
-2952
-4915
-3796
282
-1558
-3791
-521
-100
-3006
-1968
-1404
-3966
-1780
-780
-1855
-145
-3395
-1126
-2514
-3065
-1243
-625
-3554
-1065
-4684
-4614
-1510
-465
-706
-2802
-1871
-262
-2600
0
-2573
-2363
-3341
-794
-4158
-2828
-3648
-1211
-1922
-549
-283
-1638
-4264
-2145
-90
-3928
-4057
-3141
-611
-4227
-535
-1278
-4400
176
-1847
-1552
-4028
-3258
-1908
-444
-1148
246
-1566
-3151
-203
-4848
35
271
-1550
-408
-3030
-2702
-3160
-130
-2847
-4553
-1819
-3823
-4361
-4344
-3397
244
-3308
-1408
-3517
-937
-4615
-571
-4905
78
169
-2553
-1764
-2900
457
-1570
-1369
-3504
-766
-2445
-2605
-4859
-520
-4929
-1335
323
241
-4898
-4762
-163
-4109
-4449
248
-437
-138
291
-2107
-258
-3668
-977
-4333
-1750
-2569
-2095
-723
-267
-1573
-1765
-361
-1367
-534
254
-1333
-4265
-3765
-3611
-4576
-4083
-352
227
-1785
-3687
-2475
467
-3591
-4540
-4322
-3241
-3339
-4837
59
-4563
-696
-1494
196
-1538
-150
-3078
-2215
-1448
-484
-2502
-394
-3173
-2972
-252
-739
-3687
-1428
-993
-5
-1587
-4949
-547
-1956
330
-2810
-943
-2948
-2214
-3203
-3313
-4620
-3272
-1678
-2439
-1945
-836
-194
-2648
-1671
-1293
467
-4212
-1793
-4985
-2313
-2968
-3030
-1407
-2139
29
-2838
-3814
-2340
-1124
-2018
-3820
-593
-346
90
-1783
-4963
-267
-2119
-3409
-4966
-1788
-2503
-4048
-3770
-4096
-625
-400
-4442
-1983
-3206
-3043
-4542
-313
-399
-670
-1205
-3244
-2171
-1180
-3785
-3793
-3606
225
-1629
-3099
-3776
-3476
-4603
-3316
-3702
-141
-106
-297
-4080
-4264
-4426
-3999
-3101
-2049
-1573
-4452
-2257
-365
-3996
-1257
-1486
-4358
319
-530
-4762
-235
-2778
-3971
-1062
-3414
-888
-1346
-2994
-4714
-1529
35
-3654
-669
-422
-525
-2001
-3054
167
-1341
244
-348
-4608
126
491
-4103
-3457
108
-4024
-2569
-171
-4292
-2004
-2263
-390
-2268
-1559
-4216
-3828
-2199
-1011
-4695
-1510
-1256
-3637
-4421
-2677
-2393
274
-3323
-2312
-3624
-1960
410
-110
-4337
-356
-3990
-3184
-884
-795
-4955
-1578
-2263
-4912
6
-3631
-3985
-3076
-3463
-277
-3839
-1739
-1809
-3254
-4267
-3526
-1489
-1712
-2757
-4395
162
197
-781
-4111
-347
-2898
-3334
-4490
-1811
-2760
-1507
-2526
-3802
-3123
-4693
-3524
-2981
-2303
-2368
-3964
-3577
-3834
-3957
-1613
-3577
-4268
-2555
-563
-1649
-3169
-641
-1732
-4884
-1110
-1719
-636
-387
-2527
-1296
-4950
164
-2495
29
-353
-3115
-3731
-1841
-3932
-1730
30
-3933
-477
427
-4698
-2546
-3676
-2800
-4248
-2137
-3784
-769
-3327
-4504
-509
-1778
-805
-1610
-2275
-3201
-283
-4880
-4271
-3203
-2217
-1623
-144
-4291
35
372
-3634
-3517
-53
-3379
-1510
-15
-2903
438
-2924
-2591
-1809
-4406
-3533
-3503
-2522
-1417
-1567
-2414
-4149
-3531
-3536
-3605
-3486
-4227
-2537
-1143
-3536
-4341
-3305
-2638
-1040
-3202
-3455
-1208
-2364
-1962
-4875
-1293
-1964
-4053
-4827
-2853
-3197
-2972
-2081
-3165
-1455
-2442
-4020
-4211
14
-1062
-3635
-2095
-1399
-4806
391
-2698
-865
-3035
60
-281
-1270
131
-4929
-1850
-2342
-1336
-4602
-4956
388
-1012
-4483
-2567
-4655
-1553
-1710
-1694
-1212
-3934
-378
-4296
-1690
-2646
-1162
-1221
-3512
-915
-2340
-2069
-144
-3827
-3148
-3707
-374
-4190
-4821
-1614
-4418
-2802
-6
-1327
-2626
-2014
-2374
-4879
-1145
77
-4795
-2963
457
-4893
-559
-4928
-1846
168
-4934
-2659
-4397
-1970
-2994
-474
-2111
-4393
-3749
-722
-1927
-209
-292
-4837
1
90
-2318
-1701
-299
-2086
-3410
384
-4150
-1604
-786
-1290
-389
-4879
-4875
-4801
117
-4979
443
-1584
209
-3129
-4478
-1384
-1309
-3022
-3042
-4798
53
-1107
-1141
-4231
429
-1222
-3653
-2502
-482
-4751
-4495
-1730
-2336
-4777
-4093
-4191
414
-4706
-307
-1326
-478
-3378
-525
-2813
-1008
-3817
264
-3584
-1957
-4342
-3380
-3922
-925
-1832
-4617
273
-1791
313
-3417
488
-4170
-2484
-2382
-288
-4056
-1146
81
-44
-1435
-2386
-1576
-172
-3259
-1230
-481
-3200
132
-4415
-3477
-1758
221
-3442
-729
-1432
-4275
-4383
-4161
-2365
-2416
-2893
-754
-3455
-3331
59
-1017
-3717
-3908
-4043
-2631
-393
-367
-884
-949
-3097
-2038
-265
-4679
496
-1337
-3005
-2485
-1693
-3201
-4567
-1436
-2723
-893
-2653
273
-2853
-108
-4604
-567
-3449
-1542
-4166
-4173
362
-888
-197
-2070
-3948
-480
-2178
-4669
-4925
295
-1539
-4126
-2686
-63
-1340
-3628
-3733
-4878
-1277
16
-2278
-1423
-3469
-2245
-4256
-4115
-2963
-1880
-3675
-1241
-1668
-2461
-3371
-1645
-612
-1594
-274
-2410
-103
-2959
-4142
-2058
-741
-993
-2805
-4542
-4335
-4950
-577
-2984
-554
-1335
-461
349
-2812
148
-3987
-4116
-3454
-3823
-1570
-4071
319
197
-710
-3651
-603
-1375
203
-4658
-2640
-1370
-4362
-1604
-1447
-1350
-4200
-2025
-92
-4063
-3016
-3278
-806
-2621
-3199
-4723
-4078
-2429
-3771
-1195
-2537
-3552
-1590
-871
-55
-3545
-2985
-4437
-4817
-3049
-2329
-2352
-3977
-4968
-3548
-3468
-2045
418
-3332
-4494
-1617
-933
-4841
-1061
-1517
-2520
-4253
-2421
-1432
-1877
-3891
-4647
-852
-1653
-2165
-624
-3472
-3411
-2032
-2825
-2377
200
446
-4082
-4239
-4192
274
449
-1368
382
462
-2965
-4002
-1575
-186
-130
-1664
215
-1950
-863
251
-3782
-1239
-1504
236
-1446
419
-4364
-117
-2312
-1367
-200
-4771
-4753
-1436
189
-63
-2876
-362
-2711
-2355
-1850
-1931
-1176
-2540
-3655
-4764
-3287
-4282
198
-1487
-1002
-4145
-3172
-3086
-306
-1811
-3699
-4898
-2674
-4655
-90
-356
-703
-3856
-1221
-2731
-3617
-1648
-3770
144
-4901
-3020
-1134
268
-4810
-2707
-4002
-3726
-2074
-2037
-934
-3587
-4324
-4975
-3938
-1048
-1355
-2513
-4054
-1462
-3648
-3909
-1013
62
-4723
-1657
-2856
-4322
-951
-760
-4947
163
-4258
-1508
-1708
-2094
-705
-3141
-2190
-4999
-3581
-1669
-3987
-3170
-3202
-2456
-4942
-4171
-2723
-283
-3799
-4332
-596
-3315
-4453
-810
-998
-3337
-2963
-4868
-3937
-2786
-1031
9
-2483
-44
-814
-2358
-1603
-3010
-1329
-555
-1881
246
-1380
-1649
-3975
219
-3220
-4147
-4361
-3145
-2388
-4044
-4334
-4995
-4645
-2259
-1053
-2086
-2144
-2252
-2092
-3550
-3210
320
-4101
-341
-1883
40
-4254
-537
-4508
-3160
-3215
-1334
-3963
-982
-877
-1334
-3695
-3694
-2705
-2697
-3820
-3636
-4025
-1263
-1321
-4967
-3893
-2576
-2032
-660
-4020
-2412
-1931
-1532
-1530
-1682
-4696
-1408
-173
-4253
-3743
-3991
-1749
196
-4028
-1187
210
-2742
-1829
-1892
-730
-441
-3335
-4291
-4451
111
-4104
-2155
-1801
-3282
-980
-4495
-2915
-1345
-922
417
-1220
-1400
-722
38
-1505
-3659
-4135
-2035
-161
21
-4756
-4741
137
-2658
-4790
-1229
-4170
-4178
144
-4818
-301
-2574
86
-279
-1452
-3130
-3918
293
-3524
-1368
220
-931
-2601
-3119
-3638
-3805
-4674
-3576
-4488
-4338
-4660
-3939
-1374
-1331
215
-4111
-2105
-2292
-293
-4421
223
-612
-3349
-1861
105
-72
498
-1925
-3791
-1662
-716
-3937
-4175
-4254
-1983
-539
-3932
-1311
-115
423
-2615
-1391
-3275
-972
-2411
-958
-1324
-3228
-2671
-2509
-3601
230
-508
-2846
-2793
-2968
-4678
-1078
-1469
-2895
-3203
-3054
-392
408
-2110
-2574
-1911
438
-843
-2971
368
-3196
-2740
-4985
-3856
43
-2863
44
-443
-4374
-4773
-4854
416
2
-1979
-1529
-3426
-2102
-1577
-1988
-53
-1829
-4532
-3787
-708
-1840
-2427
-2364
-936
-294
-995
-3809
-968
59
-155
-1951
-1027
-2977
386
-3520
-384
-1409
-4817
-3561
-4182
-4809
-281
-4989
-37
-3855
-1597
-688
51
162
-3291
-3599
-4817
-4322
-4234
-3119
-2870
-3729
-354
-267
-2831
-1921
366
-299
-849
-1054
-353
-4378
-829
-2809
-2804
317
-2052
-4353
-3290
332
-2804
-2654
-3542
-1980
-1600
-4700
-3025
-795
-3068
-4264
-1010
-865
-4569
-372
-2046
18
-1137
-2961
-3344
-1770
-609
397
-2877
-3698
-1443
-4683
-895
-2819
-1022
-4127
-2580
-1151
46
56
-918
-2067
-4625
-1755
-3993
-515
-2181
-2373
-4494
-2842
-1669
-3140
-1690
-2668
-2073
-576
-436
-100
-4090
-1530
-3968
-718
-2797
-4955
202
-1545
-4030
-765
-2153
442
-4347
-1756
-274
-318
-2320
-226
-4600
357
-4267
453
-3510
-3085
24
-182
-2091
-4448
-969
-2835
-4721
-4542
-458
-1843
-2835
-1034
-1536
-2426
-1915
-2167
-86
-3744
-4897
-3451
-2450
-605
343
-1570
-3900
-3481
-3501
-1949
-534
-4997
-2772
-4398
-4997
-3515
-4340
480
-4277
435
-4425
-3901
-334
-3036
-4650
-3820
-4607
-3933
-2042
-3580
-4910
-4996
-442
-1504
-4348
-1752
-1212
-4244
-1244
-2262
-750
-3939
-2903
-3737
-1989
-3778
-3108
-4905
-1844
139
-657
-3769
-879
-2279
-4892
-2990
-4526
-3570
-576
-3890
-1040
-1717
-925
-1245
-2817
-720
-4196
-236
425
-4803
-1277
-4290
-412
-2506
-4185
-4950
-4808
-3534
-377
-4047
-888
-3606
156
416
-3414
405
-1168
-1532
-1313
-2157
-2462
-2449
-1296
-3549
-4238
-1987
-2713
272
-3843
-2711
-1034
-3703
-1905
-4798
-3373
-4951
-4378
-2771
406
-1549
-3218
-2478
-2010
-2894
-1043
-4560
34
-2108
-2534
-493
-3334
-1762
-1757
-2000
-4420
-3293
-747
-2572
-4249
-33
25
-533
-2144
-1693
-3672
-2941
-654
-3560
-3628
-1588
-2427
-891
-860
-1237
-108
-947
-758
114
-2790
-1270
-664
-114
208
-4522
-193
-4076
432
289
96
-3725
-2147
-4270
138
-1470
-3470
-1506
-4874
-2061
-2408
-667
-1631
-4315
-1547
-4920
-2715
-29
-1177
-467
62
-2771
-2665
445
-1488
109
231
-2265
-4143
-4571
-2265
-1073
148
-45
-79
-2595
-3640
-3937
-3654
-1982
-4243
-4377
-195
-3063
-65
-3814
-2353
-4899
397
-4435
-1143
-4544
-302
-1357
-3767
-937
51
16
-4349
-4571
-4148
-3730
-164
-3658
-1091
-4831
-3331
-160
-3240
-640
-169
-1893
-1058
-3319
-4613
-2361
-4768
-910
-621
-2834
-2651
-3486
-2780
-3797
-4627
-482
497
-868
-2502
150
-3523
488
-3474
-1328
-736
-551
-1049
-3648
-4640
-3113
118
-4931
-1522
-4419
-994
-3084
-526
-497
-1061
-3990
400
-1729
-2206
-3817
-304
-1579
-1866
-4233
-2345
-3075
-3781
180
-4808
-1537
349
-2135
-1409
-3623
-3934
-1880
-4678
-1981
-3682
-2730
-1484
-4268
-1658
-3714
-2305
-1028
-3496
368
-3541
130
-1566
-3002
-163
-3141
-4533
228
-3609
-3959
-3601
-3057
-2690
-2843
-2449
-3315
-1720
-2746
199
-2663
-1066
-2178
-2656
-4999
-538
-1832
142
-1199
-2359
-2526
-1760
-867
-3935
-4372
-4908
-3013
-2058
-2299
13
-218
-2103
-801
-2458
-4030
67
-4766
-4828
-3149
-2277
-1961
-2873
-3568
-1647
-3489
208
-4289
-3673
-3960
-2725
-1389
-1705
-71
-1080
-1936
-1981
254
187
-1496
-4673
-1284
-1596
-236
-1903
-858
-1065
-184
-2419
-1448
-1694
-2797
-3714
-3242
-1776
-4253
-3353
-2222
-3278
-4318
-4912
-2932
-1217
-4853
-1429
-1101
-4945
-4232
120
-3528
-2919
-4760
-3358
-3116
-2271
-1328
-4345
-4860
137
-3050
-655
31
449
-3288
-898
-4920
435
-4068
-4730
-4503
-1125
-3532
-375
-1886
379
-3557
-4970
-3150
-4668
-51
-4178
-3037
-2006
-2031
-3337
-1425
-2991
-1431
464
-4002
-309
-2738
-3558
-706
-2665
-862
-4128
-3629
-1306
345
-4582
-3098
-3273
-1166
-3340
-4319
-806
-4299
-2245
-343
-2959
182
-4023
-4252
-2304
-2503
-4310
-609
-1632
-2426
-2953
-4773
-4524
-3310
409
-4620
-4158
-3348
-718
-785
-4354
-4568
-1746
244
-4103
-2691
-1970
-254
-1224
194
-26
-547
-4140
-4623
-1978
-2532
-60
-958
-4563
-1858
-1175
-2147
-1534
-2743
-4496
-3879
-3419
-4
-3767
-788
-4637
-692
-647
-3916
-2063
-3890
-2024
-3216
-1051
-4886
-2505
-2067
-1459
-2039
-3547
-630
-1156
-1701
154
-2269
-2154
-1110
-1742
-2156
361
-4841
-558
-20
-2236
-2581
-4682
-4057
-2457
-1678
-2062
-1240
-1234
-4018
-1922
-4831
-550
-3598
-1605
-1843
-1637
-1780
-2306
-3397
-2784
-3886
-4893
-522
-3775
-1547
399
-4608
-3351
-3362
-554
-572
-1895
-1336
371
-1666
-3282
-890
-2031
-4523
-3664
-1166
-1633
-2479
-4000
-1181
433
-1551
-3516
-1852
174
147
-3347
-2497
-3770
-1507
-3265
-254
-2810
-3813
-3489
-2977
-4843
-4722
-3822
-3152
-4978
-673
-2167
-2956
-2032
-1445
-2204
-605
-725
-4338
-4828
-4742
-476
-2614
-1352
-4450
-2781
-2004
-2262
50
-997
-1710
-3278
-3226
-4160
-996
-1161
-3682
-4437
-1934
-499
-4492
-2290
-4415
-4812
-4798
-2289
-4939
-4518
-4774
-1938
-4882
-4214
-4280
-1533
-4729
-3477
-4563
-2808
-926
-4122
420
-3631
-3926
-2544
1
381
-1195
-847
-3448
-622
-3504
-266
-1018
-4128
-1902
-1078
-812
-3408
-2771
-3154
-375
-998
-445
-4381
-4775
-3087
-4470
-2749
-3459
-1339
-2193
-2831
-1552
-4931
-3169
-2716
-718
-578
-4370
-1217
451
-3243
-2312
-2
184
-4694
-2723
-2822
-2695
-47
-3588
-4190
-188
-3218
-388
-2621
-3356
195
492
-560
168
-4251
-2928
-206
-715
-317
-2874
-2720
-4770
-1221
-3524
-4956
-3977
-1514
-3599
440
-997
-2212
-2518
-767
-3157
111
-321
-234
-2882
-1924
-4492
123
-1808
-2575
-1150
-2175
-1068
-3330
-893
284
-622
165
-1593
-3799
-1186
-2133
-923
-3935
-2439
-2751
-3794
79
-4612
411
-2432
-2074
-597
-2016
-2520
-797
-599
-254
-4841
-3986
-1086
-490
316
3
-2232
-2468
-151
-3494
-2973
-1390
-4638
-4146
-4610
-3277
-3587
-4072
-4941
-2429
-4837
365
-3941
-2697
-459
-2081
-2557
-427
-133
-4714
-4985
-1821
437
-2511
-3179
-4715
-333
-3119
-4935
-4173
-132
-2494
-4602
-2971
-2896
-3798
-97
-307
-3879
-439
-1180
-3031
-4036
-3608
-3164
-4960
-2356
2
-4783
-1131
-137
274
-4848
-134
-3871
-4568
-1084
-3934
-2493
-4592
-1904
-1394
-2899
-2678
-3917
-4521
-392
-2650
-4467
-4545
-3358
335
-66
-1872
-4874
-3011
-2359
-1506
-1677
-4016
-1127
-517
-1764
-3633
-195
-2921
-1830
-172
-1837
415
-3190
15
-4062
-4987
-3482
-1123
-4626
85
-2773
189
-4638
-147
-1051
-4446
-3259
-41
-3398
-120
-2746
-800
-870
-635
-1454
-4126
-362
-3280
-4007
-130
-994
-4531
-4171
-1848
-186
-2107
-1862
-161
-3901
-4724
-1234
-3788
-4798
-3240
-79
-4773
-4137
-4528
-4296
-10
-1046
-3890
-1079
-4811
-1372
-4386
-2426
-4546
-4499
-3289
-1052
-2139
-1489
-444
-658
180
-2997
-3129
-3579
-235
250
-3840
333
-2243
-1228
-4588
-1209
-311
-2649
-136
-3238
103
-2948
-1620
-2949
132
-3020
-1944
-3664
-4262
212
-4389
173
-770
-2725
-2519
-2233
-2587
-1587
-4853
-4637
-746
-4100
-2162
-1230
-341
-494
-2665
-2020
-2444
-973
-605
-4274
-1802
-2384
-2415
-3016
-1541
-306
-2382
-3067
-4371
-3978
-1611
-4392
-228
-3777
-2806
-978
269
-4337
-3258
-2506
-3524
-3451
-1191
-65
197
-2260
-2334
-2025
-153
-101
-1167
-3676
418
-2748
-3508
-3103
-4427
-109
-538
-2634
-497
-368
-4592
-1156
-2294
-1518
-3768
100
170
-1297
-856
-3885
-3620
287
-3211
-2356
-321
-2772
-3611
-167
-4120
283
-2729
-576
-355
-2705
-804
-1365
-3092
-3971
-1004
-186
-2339
-3723
-257
-3619
-2608
-1247
-4101
-1688
-761
-301
125
-207
-4978
-775
-3710
-4746
-2719
-4600
13
-2344
-4567
-2767
-4328
-978
-2715
-654
-3867
-3702
-3078
-182
-4820
-918
-21
-499
-2672
205
-98
-195
-3298
-1508
-814
-2793
-2999
-42
-4349
-4065
-1179
-3948
-2417
-557
491
-3028
-3489
-1658
-2240
-718
-596
-3808
-1983
-3639
-3888
-369
-500
-1203
-4034
-4217
-2346
-1353
-697
-3746
-4076
-281
-3422
-2258
6
-1895
-3104
-2742
-4623
152
-443
-632
-1855
-3682
-287
-4394
-762
-298
377
-2832
-4914
-4170
-923
-595
-4148
-3861
-4101
-2892
-1469
-697
-3666
-4448
-4727
-592
-3155
-23
-2689
-3986
-365
-1904
-4463
-601
-1738
-2120
-2806
-842
-302
-4141
-1938
-503
-2517
-3466
-2876
-366
-4305
-3509
-4756
-1274
103
-1418
-3764
-3246
-2269
-3468
-2694
-2308
96
-2647
-752
-844
365
-4874
-2100
-1576
-3768
-79
-745
-4991
-4126
-4403
-2561
-1416
-4774
203
-4467
177
-4350
-816
-447
-3046
-4739
-2807
-946
-2602
190
-795
-4382
-2573
-699
-1249
-4518
-568
-4637
-4435
-698
-1806
-31
-4155
-3515
-4795
-3045
-2045
-3139
-3047
-4438
-3016
-4602
-3919
-3572
-652
-4580
11
-2552
54
-4335
-766
-4333
-58
308
-4517
176
72
-3977
-3210
-4923
-1973
-1636
-441
199
-3457
-2905
-1610
-2529
-2228
-3603
-316
-2933
-3628
-1155
-2177
-3125
-2511
-3361
-2950
67
-4753
-363
-1014
-1639
-3310
122
-3741
-4419
-106
-474
-3833
-3821
81
-663
-2984
-712
-3046
-4660
-3492
352
-2980
-2706
-729
-3413
-1776
-1717
-2036
65
235
-3105
-979
-836
-1181
-4991
-3574
-4255
-343
-2671
-1589
-2561
-1686
-438
-1240
440
-3105
-2749
-3134
-3147
227
-4123
-2329
-2278
-31
470
-1021
-493
217
-4969
-2123
-3342
-2129
28
-4981
-3503
-2966
-385
-3917
-1516
-1932
478
-3731
232
-2529
-362
-1016
197
-1748
-1295
-848
-927
-4826
-4944
-1638
-2528
40
-3712
-4546
-2948
-228
-1964
-4181
-243
-488
337
-4838
-972
-3999
-712
-4349
89
-1658
-4069
-1906
-692
-4697
-1439
263
-930
-1216
451
-4141
-4429
-2715
-2367
-524
-1425
-104
-2163
-3820
-2368
-3562
451
-2367
-4982
-850
-2116
-2191
-2289
-2936
-1660
-3407
-1498
-1098
-1357
440
-2956
-1028
-1778
-4721
-4782
-1156
-985
-3007
-2130
-2129
-823
-3428
-3912
-1723
215
-3528
-1998
-2933
-1913
-3027
-2409
-2380
-2170
-4258
-1466
-206
-786
-2327
-970
-2697
-1904
-1951
-4370
-617
-282
-3358
-747
-3771
-1668
-3590
-1480
-3283
-3215
109
-1724
-4870
-2562
-587
-1037
-1347
-1967
-1747
-3220
-3374
-1283
-3656
-3433
-1684
-2653
-1930
-542
-1907
386
-4921
-325
-3377
-3400
-1496
-4584
392
-2401
-4832
-2262
-729
-4127
-2709
-4381
-4508
-1076
-2318
-330
-1382
-4023
-1180
347
-1136
356
-1908
203
18
-1191
-4632
-2033
-214
-2849
422
-3977
-848
-4032
-2473
197
-3619
-253
-895
-1435
-1130
-3838
-825
-2842
-4709
-223
-3180
-72
-882
-613
-2640
-1710
-4938
451
-1632
-1382
-1680
-196
410
-4544
-1439
-1954
-2555
-2176
-3608
-3879
-1904
-4276
315
-3563
-1511
-3053
-4604
-3851
-2358
-4552
-807
-3855
-3003
-808
-3824
-4047
-4758
-2223
-4953
-3406
89
-2662
-2152
-3741
-488
-2763
-1162
-3976
-549
-2592
-2840
132
-4145
-1300
-3753
-3778
-72
-2533
-2006
-2354
-3125
152
-2204
-2359
-1206
-4327
-4619
-3790
-254
-2592
-2139
-4647
-3367
-3989
-1107
-2948
-459
-10
-21
-742
-4561
-4000
-1064
61
-1361
-3629
106
-1013
-243
-341
422
-2552
-2838
-3553
-58
-861
-2602
-2945
-3943
-4370
358
-1945
-1678
-1161
135
-112
378
-3942
-310
-1289
459
-2315
-488
-3096
-2616
-42
-3309
-2092
-2855
228
-4179
-2622
-4924
-1545
-2966
-4487
324
-2598
-2802
-2778
442
-1603
-116
-2432
-295
-188
-4923
-4693
-3284
-3018
114
-4329
-3697
-1919
-4808
-375
-4191
-4073
-1558
-4847
-2897
-1447
-4667
64
-272
-4888
-2022
-2542
-3355
-643
-4177
-556
-2844
-800
-1069
-3680
-2366
-260
-70
-100
-775
-511
194
-4382
-1069
-965
-766
-4138
-2676
-1134
-3912
-4504
-2202
-2202
-2544
-2334
-883
-924
-3850
-778
-2569
-4316
-1144
-4122
-2126
-960
-3436
-2111
-4442
-2293
-4281
-2525
-4596
-2950
125
-1044
-2618
-2315
-3739
-1460
-732
-2891
-3197
-2008
-44
-4618
-2703
-2021
-4661
-4173
37
-2244
-1994
-3701
-397
-187
403
-1421
-640
-2145
-2812
-407
226
-2380
-571
-1862
-1173
-235
-3707
-2540
-3109
-4350
-2557
-4776
-4040
-1496
-738
-3111
-1948
-554
-1591
-5
-2056
-2204
-4947
-853
-2224
-481
249
-1966
-2980
-4534
-3583
-3751
-429
-2948
-3776
-4254
-2015
-2342
-4230
-1322
-2942
-27
-3080
-3768
-2980
-4045
-1429
3
-2473
-4379
-1104
-118
-3675
-1807
-253
-1580
-1970
-314
-4983
425
-2810
-2359
-954
137
-4179
-1811
-1791
-1996
-1881
-2146
-4603
-717
-1738
-1919
-4600
-2165
-2579
-3013
-4561
-3223
-3102
-3820
-2170
51
-2009
-2439
-4946
-4778
-4180
-3960
-3300
-2498
-3628
368
-4179
-233
-1467
-202
-3819
-4664
-4809
-3657
-793
-2431
-2813
-1812
-2400
-1163
-1739
-4735
-4978
-2489
-4233
-1707
-3416
-623
219
-3197
-3555
-1582
-4748
-709
-4315
-544
-4456
-4533
-1409
-2596
-4015
-274
-2237
-1375
-1171
-2044
-4377
-521
-3325
-2567
-2259
-3076
89
-4023
-1916
-1113
-4511
92
-2687
-3270
-2521
369
-2258
-4615
-3586
-2742
-1997
-4188
-2364
-4715
-210
435
-962
-4823
-82
487
-1508
-2519
-4996
-2415
-1146
-2317
-2908
-519
437
306
-1400
-4144
-462
-2257
-337
-848
-3745
-3143
-3733
-4451
-2842
-1886
-737
-4063
-3205
255
-3265
-1173
-2897
-1024
-3127
-1709
-1636
-233
-1279
-3415
-1399
-743
-4017
301
-920
-4352
-3974
-1429
-1313
-1413
-4953
-1689
-519
-2359
-3809
-4501
-1988
-365
-4090
-707
-4351
-2655
-2514
455
173
-4652
-4422
-3932
-3233
-1073
-3674
-1079
181
-4930
-3154
-2438
-2340
-4860
-299
-663
-2724
-1960
-1827
-2356
-2278
-4631
-312
-1618
-2911
-3431
-1342
-1854
-4329
-2195
-2627
-2472
-1508
-1833
-3851
398
-960
-2769
461
-2978
-2058
-4240
-1492
-3918
-3376
-4697
-1904
-4334
-3104
-4576
405
-3070
-334
-3756
-4540
-1935
-3575
-152
345
-835
-2884
-2032
-459
-2116
-581
-2747
-2487
-3063
-1343
328
-273
-3564
-2023
-4211
-4205
-1057
-2752
-2912
-871
-1885
-2763
-3875
-1805
-4076
-2449
-3428
-2879
-264
-3595
-3029
-397
-865
-553
-1068
189
-3101
-482
-2050
-2547
-4265
95
-1664
-4644
-2357
-3138
-4115
-1083
-4570
-368
-1434
268
-1177
403
-2625
-2962
-252
-718
-2465
-644
-1189
-4564
-841
-1577
-522
-3001
-3394
423
333
-3674
-1998
-1304
-4523
-2344
-1250
-673
-454
-3696
-2862
-3386
158
-2095
-2328
-4960
-263
-383
251
-3134
-2462
-2031
-4010
-4687
-2689
-3912
-3955
-1845
11
-2064
-4471
418
-4715
-2323
-2148
-2316
-1524
-3732
-1231
-1349
-3560
-569
-2285
88
-2879
-2393
-4025
-1101
-2190
-229
158
-4119
-1935
-2619
-1758
-4984
-3578
-1482
-3265
-741
-4785
-542
-1778
-2692
-918
-3099
-1763
-1533
-2219
-401
-584
-4850
-1072
-487
-4044
-4802
-1638
-4167
-2605
-4657
-3486
-114
-4073
-2243
-1441
-4709
32
-4052
-2518
-4689
-1694
-1683
-4210
41
-1571
-4062
-2310
147
-2079
-183
-745
-3493
-1608
-4242
-129
-1446
-93
-4525
-4524
-2885
60
-4524
-4180
-1813
-392
-1860
-2785
-4324
-2127
-2473
-645
-1199
-4019
-1260
-3741
-3806
-1618
-2734
-4965
-1812
-2364
-4873
-3343
-1927
-1591
-3351
-37
-4290
-3295
-4105
-42
-4817
-4713
-854
-973
-4398
-819
-860
-529
-3623
-1347
-4941
-1420
-4687
-4449
-4794
-2190
-632
-4889
-1953
-3330
-4709
-384
-1110
-1595
-4072
-2152
-4820
-3016
-2016
-3036
-2064
-3022
133
-671
-295
-4560
-3642
-1304
-1414
-2145
-1493
-2855
-4907
-4048
215
-1377
-1072
-1807
-278
-37
-2422
-975
-717
-1957
-1520
-2130
437
377
-903
-1749
-469
-1224
-3420
-1271
77
-2856
-3727
-3502
-4755
-2416
-2074
467
-4020
-3288
-3438
-4086
-2784
-4526
-1490
-4702
-3332
-2597
-1595
-4744
-1318
-3610
-3643
-2785
402
-1288
-1078
-3707
-3966
-4813
-3712
-3018
-4429
-4249
-2174
90
-4947
131
-3251
-229
-3324
-2000
-243
-4005
-2813
-2414
-2545
-3258
-1753
-4558
-1712
-3717
-3377
-293
-2528
-4656
-4325
-191
-2418
-2726
-4134
-1549
-1902
-4328
-4030
192
96
-4441
-510
-4692
-791
-530
-3820
-2291
-3620
-2973
-1534
-1878
-1617
-3406
-512
-1467
-2390
-3373
-4344
-4681
31
-3626
-1710
427
-2186
-4505
281
-232
-1605
142
-2001
-1724
-1901
-413
-3567
-682
-3668
-3123
44
104
-3147
-1413
-4630
-4594
136
-4092
-1151
-991
-2592
-1468
-3668
-2992
-2881
-3667
-4428
-4938
-3838
-2473
-336
-2109
-3033
-1272
-2035
-1651
-2830
-1026
-50
-459
-4722
-1233
-3053
-3874
-1366
-2136
-3432
-3292
-650
-2515
-393
-3898
-3419
-1261
-4991
-2266
-2644
-801
93
-4453
-3376
-13
-3557
-3999
-1523
-2029
-2245
-3975
-1964
-1539
-1660
-3042
-2303
-1050
-1039
-2569
-3414
-1723
-3329
-3603
-4269
102
-3399
-2652
-2836
-4523
-452
-4994
-1275
-449
-2623
-4566
-1231
-1069
353
-3408
260
-127
-2562
-3100
-4625
-1491
-4299
-4398
-4414
-767
-4440
-1555
-2078
-3986
-178
-4596
-2089
380
-3307
-4476
-3143
-3036
-3602
-234
-4840
-1496
-510
350
-2742
-2069
-1407
-2548
-4763
-328
-2447
-4911
-1167
-1737
197
-4407
213
-2787
-4446
-160
-1189
-974
-1210
-4978
-1246
-3454
-4861
-1701
-691
-3329
-4067
-3434
-929
-3527
-1659
-3284
-4977
-1466
-3491
-1799
-2737
-1152
-7
-2750
-4962
-2809
465
391
-997
-4770
-1679
-4211
378
-428
-361
-4875
-3395
-2145
-1830
-1634
-4632
-1524
215
-1387
-2859
-120
-3178
-955
-1912
320
-485
-3661
-4044
-292
103
-2356
-3712
-3788
-17
-1803
-2535
-1504
-2292
-1487
-1421
-280
-1853
-2810
-2634
-1170
-2534
-4236
-240
-4577
97
-698
477
-4977
-1690
-1141
-2950
-4907
-1298
-1723
-4730
-3283
-1536
-3906
-681
-934
-4722
-3569
-2794
153
93
-3539
-191
-2747
-1557
-1454
-3395
-1063
-1375
-2075
-1939
-181
-1850
-4725
-4587
-2261
-2383
-1761
-2806
-4043
-4912
374
-1853
-58
-1197
-4691
-1562
-3712
-3238
-3842
-4806
499
-3238
-1043
122
-2625
-3243
-4440
-1789
-3291
-4438
-2274
335
-1408
-1714
284
-1179
-4855
285
-3925
-2331
-358
-1254
-1147
-4892
-4661
-1007
-239
-3183
-2003
-4166
-4416
-2930
-4243
-1587
-2125
-3831
-312
-1168
-853
-3702
-407
-1550
-1030
-1797
-2553
-1446
-259
-2742
-2177
-3291
-1398
-3022
-837
-3509
-1183
-474
-1633
-2272
-4335
-2867
-2263
-2343
-152
-1626
-3866
-4622
-2177
-2485
-4326
-3450
-384
-3843
-740
-1209
490
-1172
-844
-5
-4940
-4376
-1885
-2526
-3891
-3256
-2782
-702
-1440
406
-735
-618
-1381
439
229
-3273
-3219
-3846
-2928
30
-768
-3899
-1708
-2772
-2160
351
-4624
-4181
-3327
-1217
-3313
-1419
-2838
-2257
-4461
-4498
-3150
-2551
114
-2259
-1302
-847
-3273
-3555
-2443
-4513
-4025
-3021
-2704
-824
-340
-2428
-2132
-446
-4127
-1530
-3925
-3321
-3344
-4165
-2373
-2904
-3441
-3524
392
-1379
-4933
-3786
445
-823
-3683
-161
-1260
-4644
-4737
-279
-661
-4522
-4219
-3091
-916
-2979
-65
-2846
-1297
-4769
-4714
-4456
-900
-169
-2823
-3811
-3837
-4828
-987
-1644
-990
-882
-769
-4770
-132
-3644
-3739
-1846
-3042
-277
-4328
-4181
-3401
-225
-2040
-2306
-3887
-4906
-2232
179
-1763
-4353
-2219
37
161
412
-2089
-1290
-1977
111
-4089
-1599
-1305
-3001
-536
-784
-201
-1494
-1935
-2344
-3448
-1560
149
-627
-696
382
-2746
244
-1622
-2446
409
-389
-3782
-2093
-376
-1765
-1823
-360
-4497
-2206
-1942
-1648
-3780
-3684
-1079
-4691
-1811
-876
-167
-4277
-3433
-2001
-1335
-2629
-3402
-30
-2412
-2538
-2976
-3001
448
-1290
-4718
-1021
-4789
-1207
-4131
-2987
-609
-4664
-1854
-3695
-4256
-4369
-885
-1307
-2594
-1260
-2097
-1865
-447
-3520
-1511
-1438
408
-32
-1197
-830
-1020
-962
-1952
-2953
-2398
-800
-3773
-2580
-2361
-1186
-1422
-2355
-3746
-2960
-1872
-846
-524
-2676
-3935
-4419
263
-1109
168
-4951
-4723
-4704
-4342
-1999
-3857
-3529
-1596
-4062
-3967
-3218
-3258
-4277
-4668
-200
-671
-832
-3753
-3735
-2203
-3207
407
-766
-4133
-361
-1706
-3145
-4701
-4764
-4822
-4112
-1797
319
-4215
-3154
-2977
-4663
126
-3009
-946
-3328
-3227
-2195
-3073
-1513
-3736
-3909
-1941
-428
-3377
-1367
-4148
-2084
-929
-1077
-3328
-2158
-1722
-2657
-827
-1559
-588
-4449
-1692
-2021
-238
-1221
-1540
-3267
-4882
-323
103
-2814
-1759
-832
-4273
-4103
-263
-4544
-318
-4140
-397
-789
-2343
-2152
-3232
-4968
-750
-428
-2786
-2054
-4977
32
-3662
-2185
-312
452
-1684
-325
-4121
-4429
-4753
-1588
-1963
-1188
-1207
-1591
-4974
-3847
-2985
423
-3956
-712
-1788
143
-2793
-4029
-4041
-3655
450
-100
-2681
286
-836
370
-2228
-3628
-3905
-859
-1450
-3544
-1879
-1765
-643
-3189
-2176
-4168
111
-1446
-4777
-1283
-4766
-4175
-3518
-4864
-1251
-2276
-2279
-317
450
-96
-86
-4102
-4063
103
-2808
-8
-2756
-4108
471
128
-702
-1857
-755
-3315
-4101
-1632
-4044
-1526
-2017
-3217
-3019
-2661
-577
-3704
-3858
453
-2028
-1671
-767
-3733
-4319
-3745
-827
-1085
-1230
-1617
-1041
-4493
-3003
-2066
-2353
-796
-1165
-2031
-4035
-1408
-831
-55
-531
-3220
-1822
-2702
-2684
-4927
-1038
150
-2724
-1882
-4852
12
-190
-1148
-3696
-3668
-143
-4772
-602
-2846
-545
-937
-3522
-646
-2041
-4392
-2477
-838
-1522
-3582
-3513
-293
-2537
-1639
-4080
-3904
-1903
-1089
-4983
-2148
-937
-1580
-2054
-1434
-2009
-2202
-2612
-3821
-1692
-341
-2535
-1204
152
111
-226
-1709
-3639
-3912
-202
-1027
-4042
-673
-2180
-1009
-4290
-921
-4362
-2807
-1554
70
-4638
-230
-4432
-1176
-4839
-4866
462
-40
-635
-569
-3487
-726
-2558
-1280
-502
432
130
-4128
-1120
-4411
-4858
-1984
-4123
-1384
348
-83
-3430
-2745
-163
-628
-3022
-3610
-805
-3380
-4969
-372
-2770
-4784
-3750
-2002
-2683
-3186
-262
-4511
284
-4299
22
-3082
-4706
-221
86
-2826
-4291
-3324
-4082
-4026
-1959
-4781
-2767
-274
-4952
465
-1896
-2880
-2111
-1776
-2023
-877
-179
-810
60
379
-381
-4770
-4056
-416
-1947
-680
-3584
-1215
-1262
356
-1344
-4451
-3041
-2660
-2040
-316
-1477
-1203
-1279
-738
-4580
-2097
-750
-1554
-2483
-3679
320
-705
-2075
-1272
122
278
-4119
480
-4477
-2734
-4684
-4738
-584
-3477
-2438
-2377
-2550
483
-844
-1691
-1716
-4468
-3998
-3542
-946
185
-1085
-536
-2032
-1911
-461
-2771
-3188
-2042
-3197
-7
271
-4223
-141
-3588
-1114
-3139
-585
-1886
-3861
-4196
-2972
-825
-3192
-3579
-1821
-2926
-876
-2532
-4068
-869
-3281
-4426
-813
-3986
-4926
-3361
-2987
-3317
-2422
-4077
-4514
280
357
-3084
-4924
-4921
-1330
-549
-2792
-744
-4274
-4843
-4845
-220
-2794
-280
-941
-4187
-2456
-4442
-4660
63
-3767
-368
-1496
-1038
-2728
-2963
-4919
-684
-3918
-1445
496
-3152
-2564
-2014
-58
-1495
-1969
77
-1376
-728
-1569
-2295
-4624
-3925
-4113
-1181
-4735
-2024
-1536
-2753
-2860
-1731
-233
-2233
-2780
-1717
-4335
-1799
-3082
-4533
-2795
383
-3514
312
-1124
-1037
-3997
-4902
-4339
-3968
-2600
388
37
-1721
-2802
380
-1586
-985
-4412
-3265
-3524
-2992
-2115
-3091
-2330
-4793
-3838
-2096
-3784
-2479
-4055
-4596
370
-1760
-1881
112
-3857
-2242
-4290
-2202
-2358
-3147
-3531
-2324
-4748
-1523
-4180
-2210
-3008
-3069
-2099
-223
-4632
-2877
-2121
-4756
-1540
371
-386
-2370
-1931
61
-4198
-2118
-1508
-1765
-2704
-1247
-4676
-1057
-2216
-1034
-1506
-994
-3152
158
-605
-1620
-4406
-2964
-3553
-958
-2602
-4755
-1123
-2144
-2631
-2175
-1683
-2820
-3885
-2209
-351
-4745
-3973
228
-7
-4509
-2603
-2797
-2852
-3058
-4606
-4753
-1473
-478
91
-4154
-2747
-426
-3328
-583
-1779
-3543
-4774
-1645
-4182
498
-2740
-399
-1089
-4978
-95
-4016
-265
-872
-2639
-4615
-4261
-2442
-2370
149
-1728
-648
-1013
-734
-2599
-3724
-2295
-4827
-1520
-4280
-2607
-1217
-1490
-4256
-4696
-3952
-4666
-4396
-793
-3468
400
-1702
-4429
-3036
337
123
-2669
-3949
-3786
-1782
-1846
-3705
-4857
-1215
-585
-1272
-3524
-4248
-2298
-4088
-1136
-465
-83
-3102
448
-4226
-4621
-85
-815
-2960
-1893
-2455
-1914
-2918
-4016
-4449
-1277
-2681
-4144
-1718
87
-933
-2625
-4718
-3497
-4889
-3594
-1085
-3317
305
-3969
408
-26
430
-3813
-4449
184
-694
-1187
-2770
-4749
-4563
-4971
-1860
-4451
-1080
31
-3326
-3673
-3239
-375
-3082
-3642
-1731
-1779
-391
-2313
406
-2779
-4747
-3907
-1513
-3935
-738
-2795
-2931
-4233
-3625
-4864
201
-2836
-2842
-363
-1644
-635
-2292
-2869
429
-1676
-3885
-2793
-198
-145
-670
-236
-1807
-678
-4886
-4942
98
-626
-4537
-4706
-2823
-3660
237
-4744
-2888
-1247
-4943
-4858
-533
-3335
-576
-719
-1436
-2692
-2884
-2547
-4145
-3283
-377
-3906
-133
-1419
-3440
-3067
-4523
-1776
-3241
-4556
-2437
129
-1104
-3753
-761
-1020
-2987
-4231
-3888
-4496
-1413
-3655
-1629
-235
-326
-336
86
-1339
-1406
-362
182
-3093
-4672
-2624
-3821
-3700
-1501
-2225
-3960
-2375
186
-2260
-2482
-3035
-3140
-2683
-1949
-2551
-78
194
-461
-4712
-806
-4143
-2851
193
-1793
-1480
-3733
-4904
-2779
-2481
355
-229
-2174
-1214
-984
-1827
-4437
-4561
249
-4473
-607
-1416
-3525
431
-2554
-596
-4582
-552
-4344
-3689
-1653
-4004
465
-2867
-1200
-3934
-2915
-210
-4450
-387
-1975
379
-1751
-4699
-2336
-1034
-3714
455
-4405
-592
-2995
-1138
-1280
-3883
-936
-2243
259
-1082
-615
-899
-2237
-4850
-2422
-3359
-1219
-3329
-1855
-3837
-2068
-622
-2800
-625
-1097
-843
-3752
-3106
90
-154
-3566
-3740
-1982
-4733
-3359
-398
-1353
-1145
347
-4276
-487
-343
-351
-17
-4044
-549
-742
-2174
-4583
-3661
193
-1800
-4236
-2791
-1543
-644
-4243
-3405
-3895
-2804
-2023
-4728
-2420
-317
-3135
359
-1744
-2101
-294
-2490
-1356
-901
27
-4143
-114
-1322
-1731
-1658
212
-1668
-1229
-996
113
-4874
-4258
-2049
-1631
315
-1380
-1238
-3002
-1294
-4809
-1076
-4542
-4064
-337
-1931
-3362
499
-877
-2690
-1524
-3458
-240
-2394
-735
-1627
-2213
3
-31
-727
-388
-2479
446
-2016
-1891
-354
-2199
-1210
-1336
74
-1287
-4798
-3377
-2229
-2925
-1949
-3725
-3073
-3637
-675
-4071
-466
-200
-1541
-2888
-4854
-499
161
-540
-4299
-2670
-1151
-4532
-4349
-1782
-458
-415
-3419
-372
-26
-380
173
-2330
-4293
-3413
-4988
-2909
9
-184
120
-2010
-3920
-3403
-3102
-4828
457
-662
318
-2839
-2321
-1538
-579
-714
-4763
431
261
-2999
-398
-1693
-1898
-347
-160
-868
246
-3319
-2729
-3425
-4704
-4495
9
-395
-1791
-628
-570
391
-3884
-215
-4316
-4812
-4984
-3605
-2277
-2157
-1609
-1298
-4513
-4889
-4079
-3955
-1017
-3256
-4537
-3248
-2302
-2126
-2914
-616
-4518
-4975
-1419
-1973
-3896
-3607
-4807
-1752
-4961
-3849
-451
393
-2322
-8
-2022
-1907
-3482
-1186
-4434
-1150
-3911
-4743
-4615
-4770
-301
-4333
-4071
-2037
-3694
-3409
-2047
-3896
-4441
-3775
-4591
-1963
-665
-394
-1277
-4033
-3913
-4523
-2923
-2530
-2316
-3141
455
-53
-3473
-380
-1914
-2361
-4715
-1977
-3357
-3847
-4082
-3340
-1853
-3556
-3466
-4065
-2946
-3201
-1183
-4626
-2771
-4650
-1702
-1764
-3811
-2907
-1429
-2003
-1
-3175
-3354
75
-3616
-3115
-3742
-3270
-72
-3179
-4174
-1523
-2421
-2657
-2572
-3471
-1084
-4919
-2572
-3415
-358
-4440
-2083
-470
-306
-2997
-4084
-4778
1
-2846
-1115
-2961
-1945
-785
-4539
-4474
-1534
-1457
-4705
23
-2789
-584
-3105
-249
-2600
-4649
345
-1948
-4428
-2911
-3009
-4340
-205
-2066
-1603
-707
-4299
-3673
-3247
-4902
-1613
-3895
-1339
-150
480
-1285
-2753
-265
-1653
-1224
-3065
-4466
-481
-592
-3435
-2050
-3765
398
-4225
-4560
-265
-4668
-3290
-1264
-3458
-4536
-2657
-1989
-3245
-2755
-3303
-2101
-1275
-3239
-352
-3492
-2573
-1675
-847
-553
-1332
-3278
-2154
-1337
-3924
-1080
-1042
-2326
-300
-728
-172
-4780
-832
-881
-4562
-2859
-1212
-716
-1524
-1568
-2383
-1265
174
-2476
-1924
298
-4442
-1305
-4040
-2531
-663
-2126
352
235
-571
-161
236
-3450
-3797
-4770
-4925
-2494
-1947
-3428
-1566
-4716
-4604
-3253
-4599
174
-989
-1816
-4132
-4659
-3211
-4681
-4647
-3044
-1726
-146
-3862
-455
-3299
-3060
-2609
76
-4916
-178
-1097
-2461
174
-3690
-1440
-773
-3165
-1494
-3168
-2997
-3065
419
-1795
-1176
-806
-1179
-413
-2073
-2140
-3148
-3331
-3632
23
-3480
-949
-400
-4882
-1884
-1789
-3391
-417
-1921
-1024
-249
-4586
-3148
-4500
-4951
-3202
-670
-2992
-1883
-1178
-3454
-2510
471
-3584
-2625
-3103
-1527
-1066
-2884
346
-490
-1177
-4991
-2468
-2256
-4321
-3707
-4661
-2742
360
-470
-530
-3707
301
-2417
-2397
-3262
-588
-4881
-4671
-4691
-1769
-1703
482
-1515
-2769
412
-4842
-995
-469
-73
-4846
-3610
-2618
-3568
-992
-3487
-1681
51
-2981
303
-428
-3688
-3710
-3430
-2520
-366
-3277
-3488
-3024
-575
-4010
-1323
-4367
-4046
-465
-1384
-109
-3394
372
-3336
-1977
110
-2227
-3660
21
-1837
-4021
-1862
-1665
-2070
-436
-3506
-3118
-1282
-4695
-1010
51
-2108
-3261
196
-3067
-107
-3260
-3475
-1070
-1173
-4538
-4144
473
-2569
-4249
-1146
-2174
-1668
-3923
-3841
-3012
-2251
-4368
-1798
-1441
-1141
-1602
-906
-3925
-852
-4157
-3819
348
-2730
-3097
-1819
-2958
-4534
-738
-3904
-2268
-847
-81
-844
-1019
-1381
133
-1775
243
147
289
-3125
-2053
-2913
-4286
-2126
-4811
-3492
-1830
-1459
-57
-4585
450
-3783
110
-3961
-3704
-2512
14
-1506
-106
-494
-367
-3057
-3175
-2761
-2013
-3456
-4635
-4746
58
80
-1476
-313
-4828
-4821
-262
-3670
-54
-279
-2346
-4800
-2699
-4278
-4903
-1693
-702
-2858
-3231
-3463
-390
-2435
-1817
-1573
-3691
74
-2727
-4127
463
-3978
-4795
-3499
-2650
-379
-11
-4410
-4318
-2966
-1990
-3648
-897
-2210
-3830
-3331
-1801
-4514
-1564
495
-1030
-4728
-993
-1338
-3245
-4933
-678
-194
290
436
-604
-1648
-662
-3964
-1085
-146
-4255
-4276
-3301
-985
-3755
-1606
-1597
-947
-4454
-4908
-4321
-2424
-2250
-1781
-4975
-1622
-4116
-4514
-2453
-498
-4489
-849
-1779
339
-1969
-1857
-2597
-4189
-2573
463
61
-2061
-4157
-140
-2034
-2019
-973
-2162
-3745
-922
-4466
-1728
-2858
-2540
-3910
-1313
-1844
-2958
-2973
-298
179
-2489
-4923
-792
-3414
-561
120
-2678
296
-4154
-2721
-4023
-3484
-3836
-616
310
-898
-190
-4877
-841
-4997
-1941
-2514
-2451
-2603
-1517
-1009
-3645
-3115
-867
-1175
382
-4820
-539
-2626
-4774
-2060
-2568
-2793
-4134
-3351
-4912
-3579
-298
-1279
-4541
-4545
-2540
-1488
-3765
-1087
85
-3488
-3302
-2341
-3056
-204
-3406
-3821
-3083
-1614
-1820
-4190
-1216
-3343
-4255
-899
-315
-4720
-3405
-3464
-3272
6
-1770
-4460
-3805
-4474
338
-3827
-4227
-1491
-950
-2341
-4001
-1184
195
156
-3740
-3473
-873
-4566
-4958
-4880
-3340
-201
-3305
-319
-1000
-4841
-962
-2732
-974
-95
-893
-4689
-2921
-332
-375
102
-3464
-3212
-3432
-2530
-510
159
-2737
-2093
-1129
-3586
-1533
-453
-1172
-1148
-1114
-229
-81
-4899
201
-2134
-2806
-2317
-3651
-1548
-3633
-4982
-2620
307
-274
-452
-1050
-1369
-802
-1527
-4416
471
-832
-3600
-4824
-3892
-4791
-2848
-4994
391
-4401
-3423
-2063
-1686
163
396
-1932
-573
-184
305
-1733
-1240
-1132
-3449
-2413
260
-1666
-2067
-2956
-2325
-2275
-3765
460
-3762
-2254
-1982
-750
-3210
-2502
-1164
487
-813
-2820
-1848
-3004
-4476
-2010
260
452
-1837
-2783
-4302
-427
-40
-2808
-2757
-3796
-3171
354
-3915
-3657
-4303
-1147
176
-3663
-2859
-1820
-1128
-1165
-916
-3368
-4751
-2843
-2864
-3523
-660
-4118
-4754
-2510
-2747
-4707
-3210
-2523
-4660
-1663
-1479
-4783
-3369
-550
-3405
-2561
-560
135
-4220
-4990
-3124
-2675
-79
15
-3087
-1296
-4844
-3097
239
-1223
-128
-4308
-1817
-3974
-1035
-1311
-4668
-905
398
-4946
-2797
-1866
-4531
-1920
293
-3120
-3807
-1006
-919
-226
-1232
-3460
-714
-4411
-571
-4363
-540
-2371
-4274
-4610
496
-3781
-4906
-740
-2169
-3110
-1165
-3480
-134
338
-3922
341
310
-1188
210
-3411
-97
-4001
-379
-3672
-3273
-588
-4363
-2612
-716
-4963
-2843
-4207
-29
-2504
-2818
-3482
-479
-2302
-4833
-3275
-4114
-1833
-4258
-3867
-3840
-454
-4310
-4637
-4047
-4142
-1349
-3326
-113
-4523
-4251
-4619
-4449
-1765
-4612
-1402
-2566
-3723
-2481
-4525
-1227
-360
-1579
-113
-4655
-2602
-3168
-2937
-3958
-402
-4391
-3380
-1349
-3757
111
-4777
-2431
282
-288
-4362
-4524
371
-2541
-2943
-37
-3970
347
-664
-3754
-3785
-274
-1417
-1633
-4200
-2241
-2786
-938
-3499
-2232
-993
-1551
-1679
28
-3202
-1850
-3417
-4145
-1663
-4861
-2568
-2838
-471
-2790
-928
-1165
-3248
-1763
-2691
-608
-3381
-1803
-2782
-2162
-2845
-479
-1156
-1451
-2794
-3310
-261
-446
377
-4930
-2129
137
-355
-1479
-2511
-4639
-2942
-507
46
-3301
-2697
-4177
-548
258
-2623
-2435
-754
-4221
-2887
-4430
-1613
-2860
-4976
-4633
101
-890
77
-965
-4285
-642
-334
-3288
-3357
-4021
199
-1589
-4827
-357
-3762
-4750
-3426
-963
-1894
-1890
-310
-4402
-1514
-4005
-436
-3844
-4442
440
-474
54
-4581
451
-3014
-3623
-3945
-4023
-1480
-2255
-3044
-27
-3762
240
-2401
-1224
-3022
-3778
-1959
-981
-847
-1636
-4376
-1444
-1926
-1606
9
-515
-1179
-4402
-931
-1169
-3906
-2270
-1392
-353
-1405
63
-2317
-1336
-4113
-4972
-56
-2025
-40
-2773
-3178
-455
-2904
-1456
-1203
-2250
-1830
-4443
-1091
-3116
-3097
-2667
-4633
-511
-2896
-3695
-2750
-4279
-4654
-1121
-4059
-2343
-3321
-1903
-340
-3199
60
-1114
-3349
-686
-3097
-3842
-1741
-1998
-2694
-2838
-3931
-101
-3620
-574
-3852
-1979
228
-2014
-4598
-4339
-1950
-4983
-1022
-1424
-954
-2693
-1991
-1129
-1508
-297
-3122
-2210
-1017
-3868
-1138
-3566
-3536
-3255
-297
-1284
-1049
-2719
-877
24
132
-4309
-3134
-176
-1606
-273
-4713
-4460
-2317
-1230
-4778
-604
-644
-4649
-237
-1048
-3651
-1575
186
4
-1947
-4236
-2336
-4601
-1663
-2568
-220
-3149
-1623
-2658
-103
-3265
-635
-3843
104
-3052
-4833
-4110
-2644
273
-3994
-3974
-1765
-4435
-513
272
-2075
-166
-3386
-1473
-172
-1088
-959
-2536
-2904
-3476
-4669
-4348
-4935
-2445
-1702
-691
-2595
-2729
-29
-4764
386
56
-2524
-996
-3865
-1219
-3354
-1636
-3496
-1367
-4588
-1578
-697
79
-2304
-3990
-973
-3385
-2635
-2856
-504
-3229
-2378
-1219
-134
-1485
-3429
73
248
-739
-3856
-230
-4359
-2857
361
-4314
-37
-3468
-147
-4325
-4039
-1978
-3639
-4204
-2793
-2474
-750
-4705
-3510
-1674
-2265
-3398
-1508
231
-259
-4178
-2967
-1652
-2938
-4441
5
234
-1952
-521
-408
-685
-3691
-636
-3666
-1674
-4885
-2575
-3991
493
-1805
-4329
-2464
-1198
88
-3821
-4330
-4672
-4083
-3868
-1975
-2539
-4639
-2557
-3733
9
-4726
-161
-515
-1765
-304
-3887
-1765
-2350
-2318
-4387
-2124
-3385
472
-992
-3067
-4365
-2111
77
-2912
-526
-1786
-4136
-3029
-3754
-1789
-1431
-2746
-1994
-1843
265
-378
-1921
-4492
-2173
-2419
-1375
-3830
-601
-3868
65
-4590
-2808
-31
-1360
-31
-4682
-2727
476
-2561
-1316
-1295
-4927
-2356
-4239
-572
-1695
-373
-2021
-3136
-2292
254
-4173
-205
-4600
444
-2852
-1777
-620
7
-934
-60
165
-2931
-2582
255
-1755
-1193
298
-3641
-251
-1560
-4044
-248
-1577
-2790
-4926
-2653
-4190
-3641
-3478
-3423
-4434
-278
-2182
269
-3264
-2605
-4389
-2691
-1005
-4495
-4873
-4940
-3009
-1507
130
-3281
-2360
-517
-1989
-1361
-1934
-3425
-854
-1564
374
-4085
-751
-4348
-1016
-475
-527
-4531
-3493
-2843
-1682
-4511
125
-3727
-4979
-792
-2933
-3330
-2056
421
-970
-4996
140
-759
-664
-2841
-420
-3956
-3170
-2145
32
-1040
-2127
-3143
-1315
-2503
-4951
-1344
-4973
-4293
-128
-3356
-417
-2982
-1010
-2152
-4502
-431
-3775
-1005
-4843
-3815
-2640
374
279
-815
-640
-83
-3196
-3234
-4589
-1178
-2845
-4100
-3921
-4968
-2142
-4349
-2151
-868
-4870
-3234
-1782
-1567
-251
-1760
-1987
-1413
-2610
-3096
-4932
-3869
-4350
-3717
137
-1910
276
-1491
-1799
-3025
-4276
471
-4078
-4620
-1507
6
-4699
-2390
-1944
-2572
-1417
-1933
-1434
-2251
-3164
-4728
-3826
-4681
-2107
-866
-2604
-1245
-1533
-3073
255
-515
-1422
-3064
-3484
-4626
-2815
-2451
-877
480
-3196
-700
-2475
-2465
350
100
-3769
-2517
-2584
-2945
-734
-2195
-1005
-4175
-3714
-3453
-2620
-1410
142
-564
496
-943
345
-1343
-4548
-188
-3711
-3799
-2110
-2397
-2369
-3020
-4795
-596
-701
199
151
-1301
-4079
27
-3763
-4795
-74
-3318
-4611
-1503
-1740
47
-3044
-3234
-3898
-177
-3856
-3227
-1209
-1006
-1351
-3011
-1660
-4129
-4231
-3341
-2810
-1331
-2782
-2175
-1928
-236
-3889
473
-1233
-634
-3384
-142
-3023
-3961
-2223
-4514
-2496
-3535
-2373
-3055
-1428
-4666
-1402
-530
-1572
-4313
-1834
-4559
-1486
-2389
-3266
495
74
-4094
-4712
419
-3742
-1168
-1271
-916
-4443
-633
-1916
-1014
-327
-4195
-2647
-2457
-3386
-2384
-157
-3546
-4107
-3075
-4936
-1728
-1123
-3995
-552
-3269
-2194
345
-3609
-4285
-4981
109
-1978
-3994
-152
-2281
-4612
211
-4808
367
-3422
-2685
78
-4306
-317
-602
-1434
-1316
-1333
-2811
-840
-3028
497
-1581
-165
-2394
-1857
-3474
-1689
430
-734
-3562
177
-544
-4640
-2414
-2586
-1632
-3548
-735
-226
-2316
-3128
-2477
-4432
71
-4918
-2157
-4031
-4619
-4773
41
-1843
-251
-3093
-2004
-3890
-1609
-977
-677
424
-172
-356
-3689
-2143
402
-3966
-88
-3167
-744
-1562
-1559
-322
-3269
-3838
-2637
-822
-664
-1666
-1978
-698
-3675
-271
-4532
-12
50
-1720
-3862
148
-10
-665
-3782
-3480
-2255
-2183
-1904
-3345
-4792
-4483
-4868
-1348
378
-1368
-4328
-3032
-3478
-4313
-2536
-241
-4558
-3508
-139
-2728
-4441
-1371
-673
-1248
-2154
-1182
-2733
247
115
-3458
-2793
-4839
128
-79
-3118
-2017
-3793
56
-3613
-3662
-795
-3256
-2815
172
-476
-4497
-3578
-4355
-4699
-951
-1121
-596
-472
-1712
-4618
-4991
-1031
-789
-2353
183
-4263
-1116
-2440
-1270
-2599
-2396
349
464
-671
-3221
-3435
-1276
-2381
-301
-4394
-4276
-499
-290
-2178
-3065
-2179
-4284
473
-434
-1434
-4332
-661
-938
-1297
-4053
152
-1668
-4419
-2093
-1721
-97
-1986
-2087
-3259
-2344
-4180
-2856
-646
-4809
-4326
-316
-3342
258
-870
-2970
-3412
-4104
-408
-4619
-3360
-2203
-4682
-715
-2016
-2530
40
423
-3711
-250
-3612
-2470
42
-2219
-3195
-666
-4040
-1687
-3645
-3748
-4202
-2350
-1153
-3430
-1174
-1318
153
-3235
372
-4867
-2428
-4152
-3145
-625
-1341
-570
-1859
165
-4529
-3214
-165
-1437
-3429
-3969
-2122
-4077
-2377
-2312
191
-1525
-197
-4202
-3456
62
-1243
-816
-3338
-2161
-4253
-4945
-3875
-454
-1519
-1581
-4285
-3161
-209
-2632
-4616
-4349
-4340
-4219
-4755
-4076
-2332
-4484
-4267
-2653
-3910
-4297
-1587
-2262
-33
-4672
-866
-3381
-1818
-3625
-232
-3172
-4103
-2897
-4180
-2314
-1822
-3895
-3037
-2547
-1420
-464
-2624
-3891
-3393
-916
-3064
-4631
-4720
-1997
-4704
-3806
-1300
-4638
-147
-331
-2103
-317
287
-3235
188
-1264
-1212
-3136
-4317
-3720
-1289
-1372
-4358
-3361
-4307
-3427
-2625
-3739
-2874
-65
-2085
-841
-369
-4720
-5000
-3563
-3444
-3532
-1030
-3179
-3064
-3269
-4198
-1316
-4408
-4230
-2126
-3219
-1225
-1106
-1721
-940
-616
-2074
393
11
-630
122
-595
-3356
-825
-4458
-1862
-1192
-2200
-4508
-624
-3669
-3415
-4349
201
-4828
-2063
-3148
-2431
-3164
-2977
-2218
-4969
-2059
-1129
-3365
-3936
-3083
-2604
-736
-3559
-2307
-2347
-4657
-3879
-2406
-420
-4012
-2686
-1073
-4523
-1426
-1589
-2964
-2282
-2690
-3889
-1730
229
-851
-29
-1180
-2051
-2791
-3521
-1518
-2738
-172
-3775
-4531
-3921
-4680
-4095
-2382
-3713
-3431
-3760
-2943
-1983
-4222
-3601
55
-2035
-896
-2392
-184
-3212
-3827
-3299
-4292
-687
407
-4536
-941
-205
-4720
345
-942
-13
-2180
-2811
-2562
71
204
-677
-591
-2181
-1428
376
-3554
-764
-1598
249
-816
-4462
-1839
-3539
-1423
-920
305
-2444
-3475
-3889
-849
-352
-2883
-2264
167
-449
-1411
-4746
-1960
-3586
-915
-3997
-3963
42
-1750
-3000
-329
-410
-4314
-2485
-3562
-4996
-3889
-1729
-3366
-521
-3467
-3818
471
-3578
-2506
-997
166
-1151
-2986
-3771
-4857
-4876
-642
-4582
-3012
-1416
-666
-798
-945
-1295
-2151
-1077
-4364
-3824
-443
-4486
-503
157
-4722
-4813
-4986
-2998
-1762
-362
-1874
-3624
-546
-4637
-2933
-3145
-4346
-4346
-3859
-1365
494
-5000
-4501
-4885
-1426
-2413
-4713
-1347
-4998
-1432
-561
-1135
-194
-1126
-1595
288
-1838
104
-2823
-1408
-2406
-3978
-2694
-3432
-3365
-4798
-2456
-2822
442
-517
-2164
-983
-184
-4702
-1297
-537
153
-1187
-3146
-4754
-4186
-4961
-296
-4428
-3658
-2779
-1449
-2523
-863
-883
-2537
-835
-4660
-3436
-2627
-1793
-2112
-3961
349
-4185
-4811
-4370
-4957
-3647
-4203
-2176
310
-1383
-4656
-363
-4315
-3217
58
114
-3376
-4001
-1460
-1780
-3310
-4330
-4939
-1188
-2653
-3763
-3126
-4565
-1632
-2736
-4738
-1400
-1902
-2137
-4761
-1417
-608
-4161
-3032
-932
-2720
-2304
-2479
-4378
-1044
-4630
91
132
144
-3557
-3971
-1887
-4134
-4125
-1182
-2785
-3884
-745
-4548
-3691
-3717
-3692
-2951
-3507
-3990
-2860
-4061
-2020
-586
-304
-4705
-43
-2720
-1407
-4210
-955
-668
-3278
-4775
-126
452
-1149
-2274
-3048
-3157
-371
-4083
-2757
-2796
-982
-1540
74
-1135
-2760
-3790
-4860
202
-2810
425
187
-1646
-999
-3219
-1601
-781
-1554
-4135
-301
-852
-612
-4758
-3834
-3643
-4161
-910
-2101
-2350
-1426
-4134
-3160
-4496
485
-2992
-1719
-4265
-83
-2761
-543
-546
-311
186
-1847
-2920
-1942
-1887
-460
-1046
-3872
-4956
-2261
-4929
-715
219
-2176
-1392
370
-333
-955
-4224
-2399
-3848
-844
-622
-1013
-2564
-2393
-2674
-3555
-220
-2743
-1752
-1586
-83
-40
-2187
417
-2923
-311
265
-4828
-3428
-3779
-70
-2291
-4615
-4564
-1205
-955
-3681
-1951
-78
-3155
-2297
-3847
-3991
241
-215
-2102
-4727
157
-2792
9
-402
-551
-4377
-2787
-2030
-4947
-4906
-3993
-1233
-354
467
-2073
-1348
-3418
-950
-2773
-4275
-3412
-2419
-345
-929
-3660
-1187
-187
-4242
-4810
-3135
-4408
-3763
-627
-1258
-962
-1072
-95
-4227
-1763
-1840
-4974
-651
-2198
-4612
-865
-1793
-4515
-2353
-2294
-384
25
-506
-3200
-4501
-3365
-4735
-160
-369
127
-4979
-3987
-2784
-2765
-2456
-99
-180
-4183
-1103
-510
-4362
-4043
-2054
459
-1690
-4169
495
-3304
-2834
-2394
-2071
-3852
-4823
-1003
-233
-2051
-3103
-1757
-2843
-1668
-4886
-1990
-3729
-3336
-4716
-841
-47
-3712
-2139
-1370
-1448
-998
-4249
-1317
-2046
-2146
-609
-4413
-4956
-1967
-1005
-826
-2648
-4845
-1525
-1861
-1319
-2193
-3766
73
-3506
448
-2289
-4351
-2556
-4329
-489
-3164
-4574
-20
-2034
-691
-1784
-1951
-2615
-4631
-563
-4983
-265
65
-2387
-461
-3735
-4012
-406
260
-475
-3507
-1013
-1296
-3387
-3449
-595
-1967
-3037
-3218
-4234
-2074
-2525
-1253
-1274
-4311
151
-2920
-4668
-1710
-2246
-4174
-3742
-3466
-1712
-893
-1575
-1284
-874
-2110
-1107
-1645
-4553
-3723
-3733
-567
-2158
-1909
-1434
-715
-2293
-856
56
-1909
-1133
-1418
-454
-2248
-69
-1825
-489
-4162
-2756
-2218
-1451
-2029
155
-2180
-2878
121
-4293
-2921
83
-2008
-1034
-822
-712
-4327
-3962
-1790
-1092
-988
-674
-910
-579
-4449
221
-4386
-2933
-3461
-1030
-2000
-1861
-1211
-2608
-2131
-1577
-839
-2331
-619
-1626
-242
-3892
-2231
137
-4403
-4375
-33
-1896
-4263
270
-583
-4400
-3373
-3470
-1683
-135
-3187
-4544
-3025
-340
-2267
-3341
-4328
-134
-3386
-2163
-4370
-4696
-2959
-340
196
-1152
-1644
438
-4419
200
-2419
-543
-2341
-4225
-337
-2931
-416
-187
-3656
208
-2474
-3554
-4362
-3370
449
-3263
-1517
-278
-1456
-4963
-358
-2596
-1613
-341
-4710
-713
-1161
-1109
-2658
-1041
-1712
-1991
-1837
-1598
-1575
-2957
-262
-2922
-2804
-3719
-1885
-1317
-3764
-1772
-1820
-1530
-2071
-3710
-4076
-99
-3841
-893
-358
-4820
460
-3203
-3775
-971
-3447
-230
444
334
336
-128
-3027
267
-728
-2002
-584
-2866
-2630
-4489
-448
-2738
-3050
-2090
241
-3127
3
-2718
-1013
-4875
-3457
-607
-3651
-4196
298
-4728
-2713
-367
-1108
364
-3499
-1301
-3981
-4661
-2124
-3318
-120
-354
-377
-2750
-2114
-4540
-303
-2884
-3303
-4733
-3680
-2510
-4962
-1597
-779
-3661
-1297
-626
-2731
-532
-1085
-3877
-1406
-2280
-3251
-84
-4714
-4016
-4464
-3541
-4616
-698
-479
-2961
-4363
-688
-4834
-675
-4635
-2663
-2116
-2606
-1952
404
-2521
-160
-517
-2504
-2774
-2236
-1633
-4004
-2334
-4635
-3437
-2344
-1514
-2815
-3673
-613
-577
-386
-1124
296
-4985
-248
-1642
-821
4
-4987
-2432
-774
-1708
-4699
-3008
-1246
-4383
-784
-545
-167
-4589
-4419
-2405
-769
-3220
-78
-2085
-4714
-2052
-2149
-4555
-1960
-3816
-4676
489
-2182
-4470
-277
-3651
-3429
-4713
-4496
-354
-4748
-882
-1295
-3367
-985
-1413
-2357
-1459
-195
251
-2971
-2150
25
-182
-3631
-4879
-2577
-1123
-3449
-811
-102
-556
-979
-2909
-3884
50
-3096
-1828
-1775
-903
-4695
-307
-3207
-4824
-3807
-2720
-1480
-3411
-840
-38
-4645
-3110
-5
-3499
-1255
-4365
-4729
-1555
-1222
-2227
-1454
-4263
-3487
-2326
-4367
-3049
-1932
-1160
-3928
-178
-1813
-2166
-1593
-1090
-3186
-696
-2397
-397
-4819
429
-751
-3252
-3739
-4003
-90
-4748
-852
-3050
-1127
-1412
-3519
-1178
-1277
291
-3922
-2003
-4594
-2924
-3173
153
-2733
-722
-3005
260
-2965
-860
434
171
-3603
-2834
-4337
-2645
-975
-4497
-4334
-2723
-4022
-4134
295
-4483
-2780
-401
-1567
-4440
-2755
-4615
-4518
-125
382
-666
-1347
-3307
-4147
-2902
-2938
-3103
-4693
-2163
-4293
-3580
-2821
-1926
-969
-620
-1521
-107
-1637
-2925
-3092
230
158
-2633
-2901
-4938
-2562
-4630
-791
-218
-2201
-1146
-4600
-2301
432
-1791
-4411
12
-141
-137
483
-4137
-4514
-3369
-2912
-3944
-3695
-866
-3180
-4238
-21
-271
-288
-2197
-2682
320
-3318
-723
-881
35
-2064
-2823
-904
-404
-90
-878
-111
-3175
-4044
-1622
-3223
-2118
428
-419
-4784
-1690
-2496
-4910
9
-1904
-2084
-2370
-3151
-1571
-1748
-919
-2088
-2140
-81
-2139
-1057
314
424
-1395
-4753
359
-4667
62
-1453
-1957
-4000
169
-3999
393
-2216
-3690
373
-2431
-18
-1125
-389
-2572
-1525
-3860
-3928
-571
-823
-2462
-4595
-2079
-700
-3111
-979
-2657
-3434
-4145
-4182
-1249
-2138
385
-4509
-4028
-2801
-2683
-2096
-480
-3796
-3844
-1209
-3477
-1779
-2786
-2214
-1403
-2503
6
-3778
288
-1694
-1322
-450
-562
-1440
-3587
284
-1537
-48
-3706
-1633
-4803
-670
-1014
-4964
-4622
-94
-1518
-3902
-2473
-833
-2216
-1115
-34
-764
-1382
-4186
-3996
-4858
-4241
-4222
-2355
-1024
-4425
-1700
-1699
-3302
26
-3448
-2022
-1387
-1652
-585
-3057
-2780
-2945
288
145
-4115
-4115
-1984
-3276
-22
-4563
-1782
216
-4914
-1271
-297
-2597
-553
-3645
-962
-401
-4158
-1290
-4305
-4528
-3677
-1090
-654
-142
-3992
-660
-4928
-678
-2437
-4941
-1817
-4919
-1499
-2320
186
-337
-4042
-3872
-975
-2372
-4604
-3677
-1738
481
-3515
-1391
-4061
-2739
-1230
-4801
-718
-2482
-470
-2137
-4365
280
59
-1759
-3626
-620
-799
-4312
-994
-565
-1747
-1757
-80
-2578
-2701
-478
-1427
287
-3577
-1603
79
-4099
-2811
323
-4615
-486
-3209
-1896
-1421
-1314
-3448
-4969
-4828
-4748
-2066
-1882
-261
-802
-4197
-1792
-755
-4748
-3665
-4780
-93
-614
-1706
-4944
-870
-3375
137
-334
-978
-1307
-3821
-1966
-2277
-892
-1867
-2218
-1268
-2112
-2835
-2888
-4436
-4727
-2395
-4748
-3424
-1691
-3971
-4742
-1461
-2278
-145
-4861
-4058
-3014
460
-4984
-3
244
-1601
-4195
-2926
-3034
-842
-2919
-788
-4623
-3681
-163
-3932
-1735
-4657
-1776
-1453
-1546
-1082
-107
-3788
-1714
-2056
-2144
-4556
-408
-232
-2688
-1205
-68
28
-3261
-3730
406
-2565
-3932
-3726
196
-1390
-2498
-4953
-4808
-1775
-2639
317
-473
-3444
-351
-2147
-2786
-2469
-3916
-4196
-3988
-2521
-118
-2482
-1481
458
-2974
-2080
-1404
-3732
-1750
-1955
-435
-4493
-1616
-2338
-2101
-4688
-2183
-4626
377
-3325
411
-4539
-4342
-3609
-4896
-3709
-423
-719
437
-907
-2105
-2790
-1509
-1203
10
-3992
-3433
-2601
-2971
-640
-3622
-4308
-3873
147
-3715
-187
-1513
-3951
-4764
-2604
-2786
-1744
-3510
-1063
-2484
197
-1492
-711
-2698
-201
120
-3677
203
-2061
411
-3235
-3078
-6
-2135
-3452
-2202
286
-278
-41
-4549
-3986
-4968
-855
-760
-2081
-3605
18
-295
437
-2315
-2518
-699
-3147
-2351
-1674
-411
-4378
-1900
445
-3976
-4827
-4395
-302
-2339
-1293
-20
-3304
239
-1048
-3256
-4328
-4722
-4740
-2759
-4715
-2203
-4415
7
-3778
-150
-3456
-708
-235
-1577
-3575
-4500
370
-3910
-2775
-4663
-3655
-2720
-1713
-4928
-145
225
-1177
-3929
-3629
-1365
-1878
-2499
-3798
-3589
-2551
-1065
-1905
-924
-2298
-3899
-4135
-2223
312
-4105
-151
-2665
-4494
-433
-3895
-1940
-4820
360
-3951
-1842
453
-3801
-235
-1906
-2053
-2587
-2594
-435
-1063
-1426
-1362
-4981
-2171
-2504
-4645
-3743
-916
-3332
-4813
-4674
-3779
-552
-1432
-2762
384
-4369
-3507
-3505
-2706
-1535
-3872
-1861
-4988
-2271
-2127
-38
-417
-4463
-2310
-3947
-3315
-2318
67
-461
-2308
-598
-2367
-1745
-2335
-4561
-4613
-3107
-4690
-4969
-3075
-3660
-1785
-2827
-509
-223
-3188
-1790
-4401
-3461
-631
-2177
-2167
-4635
-3747
-719
-1086
-127
-1716
-837
-3009
-1099
-758
-3844
-1661
-1322
-1913
-4096
-2313
-3273
-4684
-665
46
-4320
-1204
-122
-3497
-448
-4222
-1200
-3212
366
-2543
-826
-264
-702
-4563
-2403
-1140
-742
-3668
-3587
-255
-1571
-3384
-3094
-1203
46
-4732
-1843
-199
-4263
-1002
-3362
-3798
-2965
-1674
-2197
-2104
-3866
-1233
-924
-1860
-2587
-1670
-4964
-4146
84
-150
339
-2232
216
-4354
-3153
-2206
-1418
-3933
-863
-3192
-4964
-1350
-3726
-82
-4304
-3206
-3894
-2644
-1976
-4353
-1872
-1115
-4370
-1911
-499
-948
-4511
-2743
-969
-1900
-4538
-1689
-3133
-1200
-4000
-379
-3983
-3430
-1291
-580
-529
-3155
-4052
-4459
-3446
-529
-1331
-3833
-2759
265
-1594
-2686
221
-163
-2806
-2101
-4994
-791
-4459
-716
-203
-666
-2009
240
-2006
-4706
-386
-2432
-2482
-278
-1507
-2066
-1163
-1481
-2614
-217
-4283
-851
-2273
-3479
-2737
-1934
-3425
-2328
-3989
-1250
-1621
30
-3695
-3650
-4155
-183
-1237
-2621
-4373
-3693
-3447
297
-2880
299
-653
-1425
-3959
-1566
-1233
-4721
-3494
-4611
-603
-3111
-2844
-2884
-1382
-3532
-4218
-4397
-4872
-1058
-1309
-4601
-4673
-1637
-856
-3767
-92
296
-856
-3225
-314
-4719
-1217
-1487
-3724
-1681
-877
-4218
-689
-19
-1016
-63
-201
468
-2698
496
-2284
-1105
-3096
-2582
-798
-1181
-2220
-3058
-186
-4512
-433
-2151
-3059
-1029
-865
-717
-1236
-359
-351
212
-1975
-1419
-4450
-1863
-4487
-2936
-456
-290
-2948
-496
-3331
-1759
-1246
-1181
-1104
-2888
-25
-4547
-4479
-2739
-2412
251
-3408
-543
-3781
-296
-1721
-4050
-3714
-1324
-1148
-3009
-2853
-2016
-991
154
-1749
-1321
-1170
-931
-1296
-2977
-4394
-3761
-1775
372
-1337
-2024
-576
-4778
-1675
-482
-1210
-1972
-3297
-488
-4970
-1701
-1539
-3116
-208
-4582
-4010
-3798
-2340
-1718
-2221
-2984
-4889
-1765
-110
-1750
-4845
-71
-2545
-1534
-1160
-3859
-2342
-3032
-1208
153
-1401
-2278
-1813
-350
-3071
-4465
-2111
-2276
-3079
-3630
-1166
-4131
-2323
-4803
-248
-4196
-1425
-3591
-3652
-2219
-3499
46
-3329
-3548
-674
-1493
-1498
-799
-1303
-3366
-2175
-3503
-645
-3929
-1930
-3222
-705
-4477
-858
-4436
-2481
-4620
-203
-4355
-2779
-1418
327
-378
-3571
-1235
-3966
411
-2519
-4101
-3173
-417
-2731
-4632
-959
-97
-782
-2229
-2116
-3769
-3789
-2963
-1140
-1959
-1128
-3560
-3606
-2237
-401
195
-3350
-1191
-3550
-3145
-4943
-3266
-4059
-2107
-690
-569
-4249
-2022
-3375
-2820
-2408
-3335
-1116
-1639
13
-4898
-1746
-452
-3622
-1919
-1964
-1786
-105
-3717
-4381
-2329
-60
-319
-3558
-2716
-1791
-2198
-4528
-1294
-1572
-738
-2339
199
-280
-1423
-1607
-440
-2340
-3143
-3734
-131
-1377
-4339
-4793
-4869
-4276
-1579
-52
-1056
-3417
-15
-4416
-4266
-3714
-3747
56
-3628
-1599
-454
-3416
-1975
-2452
-2770
-812
-2902
-4710
-4615
-2648
-324
-2956
-3557
-2263
-2724
-1063
-2870
-2069
-1798
-4847
-2341
-126
-3800
-4834
-4293
-2216
-2602
-4562
-984
-2354
-3331
-1187
-2891
-1489
-3021
-1770
-2736
-2418
-791
-2154
-1540
-2311
-2169
-4130
-2780
-670
-206
-758
-1984
-211
-1505
-15
-2091
-4338
-3640
-896
-3444
-4403
-4700
-3455
440
-3731
-2593
-291
-1376
-2447
225
427
-2323
-953
-4509
-4793
-614
-3178
405
-4613
-2584
-4967
-4420
-1079
-4485
-3230
-650
-2545
-4225
-2968
-4577
70
-4593
-775
-4176
-545
-2725
-2013
-3501
-536
-1361
-2081
-4028
-3860
55
-2461
-616
19
-3701
-2716
-2992
-1839
-1910
-3076
-2558
-3623
-2941
-3720
-2495
-3409
-2275
-51
-3363
-3205
-4796
-2277
-4782
-3035
-2066
-618
-3630
-3537
-256
-2988
-4586
489
-1836
-3981
-826
-829
-1094
-4955
-3136
-3319
-4586
-1559
199
-3740
-1059
201
-2863
92
194
-651
246
-372
-3377
-133
-383
-3893
-4560
-1510
-4251
-4049
-3521
-4459
-2074
126
-3227
-1456
-4950
313
-3040
-4758
405
-1530
-4982
-1162
-1425
-1337
-4210
-403
-1623
-3950
-4548
7
-3289
-1502
-3763
-2285
-1816
-2014
-2599
-661
-4426
-2909
-2529
-2566
-4798
-3200
-767
471
-1462
-304
-192
-1578
-64
-3306
-1884
-112
-2197
-2439
-896
-1391
-343
-336
-788
-1566
-1010
-4709
-2981
-119
-3067
-3176
-521
-4727
-2731
-3132
-130
-469
-2154
-2551
-1602
-1045
-1538
-121
-4898
-2888
-4872
-2904
-337
-2949
-3249
-1452
-1109
-1728
-1546
-2593
-2041
-2138
-1395
-4666
463
-2510
-321
-1226
-4312
-4953
-4038
-3993
-3228
-2253
-1802
-2299
73
123
-3326
-4058
-1777
-4167
-8
-316
111
-453
-603
-570
-3676
-496
-1287
-821
-2069
-3763
-4805
-2129
-2645
-1946
-4483
484
-3975
-3799
-2772
-4327
-4330
-3633
-2028
-2258
-3264
-4795
-2668
-3130
-710
-2446
-3689
-4416
-969
-838
-4605
-3087
-1830
-3446
152
-4475
398
-2404
-549
-4837
-477
-4159
-3738
-660
360
-3398
-2583
-3913
-4465
-4508
-1415
-222
-4017
-3191
-3094
-3359
-717
-4700
-366
-3150
-940
-1205
-1482
-2804
-2689
205
-1112
-3635
-4052
-825
-4652
-2326
80
-2436
-2359
-3617
-922
-168
-4000
-1825
-2168
-3066
-1430
-3161
-1909
-3145
435
-1208
-2423
-2703
-833
-856
-4342
-4202
-2916
-2854
301
-3395
-3734
-1761
-2481
-3737
-3312
-4849
-67
-3378
-3431
-4412
-1767
-3386
-3650
-3860
-445
-2815
-1115
-3062
-814
480
-4008
-691
-3198
-4176
-180
-1456
-61
-690
-2340
321
-4352
-3695
-3837
-980
-3127
-2905
-1368
-889
-1771
-1628
342
-4395
-2353
115
-1967
-3493
-2622
492
-3444
-2033
-535
-2728
128
-3642
-4260
-2544
-2220
-2601
-1654
-319
-4435
-2929
-4130
-1411
465
-1634
-1635
-2069
-2279
-1996
414
-4223
-621
-1946
-4528
-3225
-909
-376
-445
-532
-106
-3773
-3804
-230
-135
-1879
-1043
-508
-302
-3340
19
-2996
-4375
-500
-2050
25
-2869
-215
-2497
-4344
-4643
-1684
-2264
-96
-4945
-3897
-565
-2074
-2808
-1257
-1064
-1157
196
-3406
-943
-3681
